detector,n_streams,rho,procedure,alpha,seed,n_tests,n_null_tests,alarms,false_alarms,true_alarms,fdp,far_per_test,false_alarms_per_window,p_any_false_alarm_per_window,false_alarms_per_1k_stream_steps,mtfa_stream_steps,n_drifts,detected,mdr,mean_delay,median_delay,degraded_per_drift
PH,500,0.0,raw,,2,18288,18224,1801,1751,50,0.9722376457523598,0.0960820895522388,37.255319148936174,1.0,0.7451063829787234,1342.0902341519131,50,50,0.0,112.48,94.0,112.48
PH,500,0.0,uncorrected,0.05,2,22601,22511,305,255,50,0.8360655737704918,0.011327795300075518,5.425531914893617,0.9787234042553191,0.10851063829787234,9215.686274509804,50,50,0.0,138.48,146.5,138.48
PH,500,0.0,bonferroni,0.05,2,23350,23188,50,0,50,0.0,0.0,0.0,0.0,0.0,inf,50,50,0.0,276.48,253.0,276.48
PH,500,0.0,bh_window,0.05,2,23350,23205,50,0,50,0.0,0.0,0.0,0.0,0.0,inf,50,50,0.0,242.48,246.5,242.48
PH,500,0.0,LOND,0.05,2,23374,22970,42,0,42,0.0,0.0,0.0,0.0,0.0,inf,50,42,0.16000000000000003,438.7857142857143,356.5,760.48
PH,500,0.0,LORD++,0.05,2,23353,23127,49,0,49,0.0,0.0,0.0,0.0,0.0,inf,50,49,0.020000000000000018,360.6530612244898,296.0,404.48
PH,500,0.0,SAFFRON,0.05,2,23350,23135,50,0,50,0.0,0.0,0.0,0.0,0.0,inf,50,50,0.0,382.48,299.5,382.48
PH,500,0.0,alpha-investing,0.05,2,23344,22998,52,4,48,0.07692307692307693,0.00017392816766675364,0.0851063829787234,0.06382978723404255,0.001702127659574468,587500.0,50,48,0.040000000000000036,555.625,499.5,644.48
PH,500,0.0,raw,,3,18384,18304,1774,1724,50,0.971815107102593,0.09418706293706294,36.680851063829785,1.0,0.7336170212765958,1363.109048723898,50,50,0.0,141.34,93.0,141.34
PH,500,0.0,uncorrected,0.05,3,22626,22525,296,247,49,0.8344594594594594,0.010965593784683685,5.25531914893617,1.0,0.1051063829787234,9514.17004048583,50,49,0.020000000000000018,122.12244897959184,120.0,159.34
PH,500,0.0,bonferroni,0.05,3,23347,23190,52,2,50,0.038461538461538464,8.6244070720138e-05,0.0425531914893617,0.0425531914893617,0.000851063829787234,1175000.0,50,50,0.0,265.34,272.5,265.34
PH,500,0.0,bh_window,0.05,3,23347,23207,52,2,50,0.038461538461538464,8.618089369586763e-05,0.0425531914893617,0.0425531914893617,0.000851063829787234,1175000.0,50,50,0.0,231.34,233.0,231.34
PH,500,0.0,LOND,0.05,3,23371,22979,44,0,44,0.0,0.0,0.0,0.0,0.0,inf,50,44,0.12,488.0,378.0,735.34
PH,500,0.0,LORD++,0.05,3,23347,23159,51,1,50,0.0196078431372549,4.317975732976381e-05,0.02127659574468085,0.02127659574468085,0.000425531914893617,2350000.0,50,50,0.0,327.34,297.0,327.34
PH,500,0.0,SAFFRON,0.05,3,23338,23139,54,4,50,0.07407407407407407,0.00017286831755909936,0.0851063829787234,0.06382978723404255,0.001702127659574468,587500.0,50,50,0.0,349.34,348.0,349.34
PH,500,0.0,alpha-investing,0.05,3,23350,23047,50,1,49,0.02,4.3389595175077016e-05,0.02127659574468085,0.02127659574468085,0.000425531914893617,2350000.0,50,49,0.020000000000000018,528.1428571428571,473.0,557.34
PH,500,0.0,raw,,0,18341,18272,1779,1729,50,0.971894322653176,0.09462565674255692,36.787234042553195,1.0,0.7357446808510638,1359.167148640833,50,50,0.0,105.32,102.0,105.32
PH,500,0.0,uncorrected,0.05,0,22626,22535,299,249,50,0.8327759197324415,0.01104947858886177,5.297872340425532,1.0,0.10595744680851064,9437.751004016065,50,50,0.0,125.32,120.0,125.32
PH,500,0.0,bonferroni,0.05,0,23347,23183,51,2,49,0.0392156862745098,8.627011171979468e-05,0.0425531914893617,0.0425531914893617,0.000851063829787234,1175000.0,50,49,0.020000000000000018,256.265306122449,245.0,271.32
PH,500,0.0,bh_window,0.05,0,23344,23193,52,3,49,0.057692307692307696,0.0001293493726555426,0.06382978723404255,0.06382978723404255,0.001276595744680851,783333.3333333334,50,49,0.020000000000000018,229.73469387755102,224.0,245.32
PH,500,0.0,LOND,0.05,0,23360,23086,47,0,47,0.0,0.0,0.0,0.0,0.0,inf,50,47,0.06000000000000005,388.48936170212767,383.0,491.32
PH,500,0.0,LORD++,0.05,0,23350,23162,50,1,49,0.02,4.317416457991538e-05,0.02127659574468085,0.02127659574468085,0.000425531914893617,2350000.0,50,49,0.020000000000000018,305.2448979591837,288.0,319.32
PH,500,0.0,SAFFRON,0.05,0,23347,23153,51,2,49,0.0392156862745098,8.63818943549432e-05,0.0425531914893617,0.0425531914893617,0.000851063829787234,1175000.0,50,49,0.020000000000000018,317.48979591836735,298.0,331.32
PH,500,0.0,alpha-investing,0.05,0,23347,23039,51,4,47,0.0784313725490196,0.00017361864664264942,0.0851063829787234,0.06382978723404255,0.001702127659574468,587500.0,50,47,0.06000000000000005,514.7021276595744,437.0,559.32
PH,500,0.0,raw,,1,18376,18305,1771,1721,50,0.9717673630717109,0.0940180278612401,36.61702127659574,1.0,0.7323404255319149,1365.4851830331202,50,50,0.0,123.94,102.0,123.94
PH,500,0.0,uncorrected,0.05,1,22579,22490,313,263,50,0.8402555910543131,0.01169408626056025,5.595744680851064,1.0,0.11191489361702128,8935.361216730038,50,50,0.0,125.94,119.0,125.94
PH,500,0.0,bonferroni,0.05,1,23350,23178,50,0,50,0.0,0.0,0.0,0.0,0.0,inf,50,50,0.0,289.94,286.0,289.94
PH,500,0.0,bh_window,0.05,1,23347,23193,51,1,50,0.0196078431372549,4.311645755184754e-05,0.02127659574468085,0.02127659574468085,0.000425531914893617,2350000.0,50,50,0.0,253.94,232.0,253.94
PH,500,0.0,LOND,0.05,1,23362,23044,46,0,46,0.0,0.0,0.0,0.0,0.0,inf,50,46,0.07999999999999996,456.4130434782609,396.5,581.94
PH,500,0.0,LORD++,0.05,1,23347,23147,51,1,50,0.0196078431372549,4.320214282628418e-05,0.02127659574468085,0.02127659574468085,0.000425531914893617,2350000.0,50,50,0.0,345.94,302.0,345.94
PH,500,0.0,SAFFRON,0.05,1,23341,23068,53,3,50,0.05660377358490566,0.00013005028611062945,0.06382978723404255,0.0425531914893617,0.001276595744680851,783333.3333333334,50,50,0.0,491.94,318.5,491.94
PH,500,0.0,alpha-investing,0.05,1,23338,22588,54,4,50,0.07407407407407407,0.00017708517797060386,0.0851063829787234,0.0425531914893617,0.001702127659574468,587500.0,50,50,0.0,1445.94,1294.0,1445.94
PH,500,0.0,raw,,4,18439,18375,1747,1697,50,0.9713795077275329,0.09235374149659864,36.1063829787234,1.0,0.7221276595744681,1384.7967000589276,50,50,0.0,126.84,106.0,126.84
PH,500,0.0,uncorrected,0.05,4,22676,22585,278,228,50,0.8201438848920863,0.010095195926499888,4.851063829787234,1.0,0.09702127659574468,10307.017543859649,50,50,0.0,130.84,130.5,130.84
PH,500,0.0,bonferroni,0.05,4,23350,23181,50,0,50,0.0,0.0,0.0,0.0,0.0,inf,50,50,0.0,282.84,264.0,282.84
PH,500,0.0,bh_window,0.05,4,23347,23188,51,1,50,0.0196078431372549,4.312575470070726e-05,0.02127659574468085,0.02127659574468085,0.000425531914893617,2350000.0,50,50,0.0,262.84,254.0,262.84
PH,500,0.0,LOND,0.05,4,23359,23022,47,0,47,0.0,0.0,0.0,0.0,0.0,inf,50,47,0.06000000000000005,525.6170212765958,378.0,618.84
PH,500,0.0,LORD++,0.05,4,23347,23155,51,1,50,0.0196078431372549,4.318721658389117e-05,0.02127659574468085,0.02127659574468085,0.000425531914893617,2350000.0,50,50,0.0,328.84,284.0,328.84
PH,500,0.0,SAFFRON,0.05,4,23341,23109,53,3,50,0.05660377358490566,0.00012981955082435416,0.06382978723404255,0.06382978723404255,0.001276595744680851,783333.3333333334,50,50,0.0,408.84,353.0,408.84
PH,500,0.0,alpha-investing,0.05,4,23347,22307,51,3,48,0.058823529411764705,0.00013448693235307301,0.06382978723404255,0.02127659574468085,0.001276595744680851,783333.3333333334,50,48,0.040000000000000036,2016.5416666666667,2232.5,2024.84
PH,500,0.0,raw,,5,18338,18267,1784,1735,49,0.9725336322869955,0.09498001861279903,36.91489361702128,1.0,0.7382978723404255,1354.4668587896253,50,50,0.0,164.04,109.5,164.04
PH,500,0.0,uncorrected,0.05,5,22625,22541,298,248,50,0.8322147651006712,0.01100217381660086,5.276595744680851,1.0,0.10553191489361702,9475.806451612903,50,50,0.0,130.04,114.5,130.04
PH,500,0.0,bonferroni,0.05,5,23350,23193,50,0,50,0.0,0.0,0.0,0.0,0.0,inf,50,50,0.0,262.04,265.5,262.04
PH,500,0.0,bh_window,0.05,5,23350,23208,50,0,50,0.0,0.0,0.0,0.0,0.0,inf,50,50,0.0,232.04,220.0,232.04
PH,500,0.0,LOND,0.05,5,23359,23071,47,0,47,0.0,0.0,0.0,0.0,0.0,inf,50,47,0.06000000000000005,412.9574468085106,370.0,524.04
PH,500,0.0,LORD++,0.05,5,23353,23172,49,0,49,0.0,0.0,0.0,0.0,0.0,inf,50,49,0.020000000000000018,292.55102040816325,290.0,310.04
PH,500,0.0,SAFFRON,0.05,5,23350,23159,50,1,49,0.02,4.317975732976381e-05,0.02127659574468085,0.02127659574468085,0.000425531914893617,2350000.0,50,49,0.020000000000000018,312.9591836734694,302.0,330.04
PH,500,0.0,alpha-investing,0.05,5,23344,23047,52,4,48,0.07692307692307693,0.00017355838070030806,0.0851063829787234,0.06382978723404255,0.001702127659574468,587500.0,50,48,0.040000000000000036,479.9375,402.5,542.04
PH,500,0.0,raw,,6,18184,18126,1853,1803,50,0.9730167296276309,0.09947037404832837,38.361702127659576,1.0,0.7672340425531915,1303.3832501386578,50,50,0.0,132.86,84.0,132.86
PH,500,0.0,uncorrected,0.05,6,22628,22537,300,250,50,0.8333333333333334,0.011092869503483161,5.319148936170213,1.0,0.10638297872340426,9400.0,50,50,0.0,136.86,144.0,136.86
PH,500,0.0,bonferroni,0.05,6,23346,23184,53,3,50,0.05660377358490566,0.00012939958592132506,0.06382978723404255,0.06382978723404255,0.001276595744680851,783333.3333333334,50,50,0.0,278.86,267.5,278.86
PH,500,0.0,bh_window,0.05,6,23345,23196,53,3,50,0.05660377358490566,0.00012933264355923435,0.06382978723404255,0.06382978723404255,0.001276595744680851,783333.3333333334,50,50,0.0,252.86,250.5,252.86
PH,500,0.0,LOND,0.05,6,23359,23020,47,1,46,0.02127659574468085,4.3440486533449174e-05,0.02127659574468085,0.02127659574468085,0.000425531914893617,2350000.0,50,46,0.07999999999999996,512.6521739130435,407.5,632.86
PH,500,0.0,LORD++,0.05,6,23347,23159,52,3,49,0.057692307692307696,0.0001295392719892914,0.06382978723404255,0.06382978723404255,0.001276595744680851,783333.3333333334,50,49,0.020000000000000018,316.42857142857144,318.0,330.86
PH,500,0.0,SAFFRON,0.05,6,23335,23113,55,6,49,0.10909090909090909,0.0002595941677843638,0.1276595744680851,0.10638297872340426,0.002553191489361702,391666.6666666667,50,49,0.020000000000000018,360.6938775510204,328.0,398.86
PH,500,0.0,alpha-investing,0.05,6,23353,22996,49,2,47,0.04081632653061224,8.697164724299878e-05,0.0425531914893617,0.0425531914893617,0.000851063829787234,1175000.0,50,47,0.06000000000000005,571.2127659574468,565.0,668.86
PH,500,0.0,raw,,7,18384,18320,1773,1723,50,0.9717992103778906,0.09405021834061135,36.659574468085104,1.0,0.7331914893617021,1363.900174114916,50,50,0.0,147.66,107.5,147.66
PH,500,0.0,uncorrected,0.05,7,22650,22562,290,240,50,0.8275862068965517,0.010637354844428685,5.1063829787234045,1.0,0.10212765957446808,9791.666666666666,50,50,0.0,127.66,125.5,127.66
PH,500,0.0,bonferroni,0.05,7,23353,23160,49,0,49,0.0,0.0,0.0,0.0,0.0,inf,50,49,0.020000000000000018,301.9387755102041,293.0,335.66
PH,500,0.0,bh_window,0.05,7,23350,23192,50,0,50,0.0,0.0,0.0,0.0,0.0,inf,50,50,0.0,265.66,251.0,265.66
PH,500,0.0,LOND,0.05,7,23386,22942,39,0,39,0.0,0.0,0.0,0.0,0.0,inf,50,39,0.21999999999999997,518.3846153846154,393.0,837.66
PH,500,0.0,LORD++,0.05,7,23365,23096,47,0,47,0.0,0.0,0.0,0.0,0.0,inf,50,47,0.06000000000000005,391.6170212765957,325.0,487.66
PH,500,0.0,SAFFRON,0.05,7,23359,23095,47,1,46,0.02127659574468085,4.3299415457891315e-05,0.02127659574468085,0.02127659574468085,0.000425531914893617,2350000.0,50,46,0.07999999999999996,385.0869565217391,333.5,477.66
PH,500,0.0,alpha-investing,0.05,7,23383,22905,39,2,37,0.05128205128205128,8.731717965509715e-05,0.0425531914893617,0.0425531914893617,0.000851063829787234,1175000.0,50,37,0.26,645.4324324324324,602.0,905.66
PH,500,0.0,raw,,8,18273,18210,1810,1760,50,0.9723756906077348,0.09665019220208676,37.4468085106383,1.0,0.7489361702127659,1335.2272727272727,50,50,0.0,118.32,101.5,118.32
PH,500,0.0,uncorrected,0.05,8,22602,22517,305,255,50,0.8360655737704918,0.01132477683528001,5.425531914893617,0.9574468085106383,0.10851063829787234,9215.686274509804,50,50,0.0,130.32,132.0,130.32
PH,500,0.0,bonferroni,0.05,8,23350,23201,50,0,50,0.0,0.0,0.0,0.0,0.0,inf,50,50,0.0,252.32,261.0,252.32
PH,500,0.0,bh_window,0.05,8,23347,23214,51,1,50,0.0196078431372549,4.3077453260963214e-05,0.02127659574468085,0.02127659574468085,0.000425531914893617,2350000.0,50,50,0.0,220.32,225.0,220.32
PH,500,0.0,LOND,0.05,8,23359,23078,47,0,47,0.0,0.0,0.0,0.0,0.0,inf,50,47,0.06000000000000005,427.63829787234044,370.0,516.32
PH,500,0.0,LORD++,0.05,8,23350,23183,50,0,50,0.0,0.0,0.0,0.0,0.0,inf,50,50,0.0,288.32,277.0,288.32
PH,500,0.0,SAFFRON,0.05,8,23335,23156,55,5,50,0.09090909090909091,0.00021592675764380722,0.10638297872340426,0.0851063829787234,0.002127659574468085,470000.0,50,50,0.0,312.32,301.5,312.32
PH,500,0.0,alpha-investing,0.05,8,23356,22971,48,0,48,0.0,0.0,0.0,0.0,0.0,inf,50,48,0.040000000000000036,694.1666666666666,630.0,724.32
PH,500,0.0,raw,,9,18232,18168,1811,1761,50,0.9723909442297074,0.09692866578599736,37.46808510638298,1.0,0.7493617021276596,1334.4690516751846,50,50,0.0,126.04,98.5,126.04
PH,500,0.0,uncorrected,0.05,9,22519,22431,332,282,50,0.8493975903614458,0.012571887120502875,6.0,1.0,0.12,8333.333333333334,50,50,0.0,130.04,135.0,130.04
PH,500,0.0,bonferroni,0.05,9,23347,23180,51,1,50,0.0196078431372549,4.3140638481449525e-05,0.02127659574468085,0.02127659574468085,0.000425531914893617,2350000.0,50,50,0.0,288.04,268.5,288.04
PH,500,0.0,bh_window,0.05,9,23341,23192,53,3,50,0.05660377358490566,0.00012935494998275268,0.06382978723404255,0.06382978723404255,0.001276595744680851,783333.3333333334,50,50,0.0,252.04,251.5,252.04
PH,500,0.0,LOND,0.05,9,23365,23006,45,0,45,0.0,0.0,0.0,0.0,0.0,inf,50,45,0.09999999999999998,498.4,392.0,672.04
PH,500,0.0,LORD++,0.05,9,23353,23159,49,0,49,0.0,0.0,0.0,0.0,0.0,inf,50,49,0.020000000000000018,326.3673469387755,314.0,342.04
PH,500,0.0,SAFFRON,0.05,9,23344,23153,52,3,49,0.057692307692307696,0.0001295728415324148,0.06382978723404255,0.06382978723404255,0.001276595744680851,783333.3333333334,50,49,0.020000000000000018,320.2448979591837,292.0,336.04
PH,500,0.0,alpha-investing,0.05,9,23353,23038,49,5,44,0.10204081632653061,0.00021703272853546314,0.10638297872340426,0.06382978723404255,0.002127659574468085,470000.0,50,44,0.12,472.8636363636364,384.5,584.04
PH,500,0.3,raw,,0,17950,17880,1908,1858,50,0.9737945492662474,0.10391498881431767,39.53191489361702,1.0,0.7906382978723404,1264.8008611410119,50,50,0.0,113.32,104.5,113.32
PH,500,0.3,uncorrected,0.05,0,22322,22236,398,348,50,0.8743718592964824,0.015650296815974095,7.404255319148936,0.9148936170212766,0.14808510638297873,6752.873563218391,50,50,0.0,125.32,120.0,125.32
PH,500,0.3,bonferroni,0.05,0,23341,23191,53,3,50,0.05660377358490566,0.00012936052779095338,0.06382978723404255,0.06382978723404255,0.001276595744680851,783333.3333333334,50,50,0.0,243.32,244.0,243.32
PH,500,0.3,bh_window,0.05,0,23338,23202,54,4,50,0.07407407407407407,0.000172398931126627,0.0851063829787234,0.0851063829787234,0.001702127659574468,587500.0,50,50,0.0,215.32,209.0,215.32
PH,500,0.3,LOND,0.05,0,23353,23105,49,0,49,0.0,0.0,0.0,0.0,0.0,inf,50,49,0.020000000000000018,408.9387755102041,354.0,439.32
PH,500,0.3,LORD++,0.05,0,23344,23167,52,2,50,0.038461538461538464,8.632969309794104e-05,0.0425531914893617,0.0425531914893617,0.000851063829787234,1175000.0,50,50,0.0,297.32,279.5,297.32
PH,500,0.3,SAFFRON,0.05,0,23338,23171,54,4,50,0.07407407407407407,0.00017262958007854647,0.0851063829787234,0.06382978723404255,0.001702127659574468,587500.0,50,50,0.0,277.32,270.5,277.32
PH,500,0.3,alpha-investing,0.05,0,23329,23087,57,8,49,0.14035087719298245,0.00034651535496166676,0.1702127659574468,0.0851063829787234,0.003404255319148936,293750.0,50,49,0.020000000000000018,415.44897959183675,404.0,427.32
PH,500,0.3,raw,,1,17444,17376,2026,1976,50,0.9753208292201382,0.11372007366482505,42.04255319148936,1.0,0.8408510638297872,1189.2712550607287,50,50,0.0,133.94,108.5,133.94
PH,500,0.3,uncorrected,0.05,1,21659,21573,614,564,50,0.9185667752442996,0.026143790849673203,12.0,0.9148936170212766,0.24,4166.666666666667,50,50,0.0,121.94,113.5,121.94
PH,500,0.3,bonferroni,0.05,1,23326,23192,58,8,50,0.13793103448275862,0.00034494653328734045,0.1702127659574468,0.10638297872340426,0.003404255319148936,293750.0,50,50,0.0,213.94,214.5,213.94
PH,500,0.3,bh_window,0.05,1,23074,22944,142,92,50,0.647887323943662,0.00400976290097629,1.9574468085106382,0.0851063829787234,0.03914893617021276,25543.478260869564,50,50,0.0,205.94,203.5,205.94
PH,500,0.3,LOND,0.05,1,23350,23147,50,0,50,0.0,0.0,0.0,0.0,0.0,inf,50,50,0.0,351.94,310.5,351.94
PH,500,0.3,LORD++,0.05,1,23320,23174,60,10,50,0.16666666666666666,0.00043151808060757745,0.2127659574468085,0.10638297872340426,0.00425531914893617,235000.0,50,50,0.0,237.94,224.5,237.94
PH,500,0.3,SAFFRON,0.05,1,22471,22311,343,293,50,0.8542274052478134,0.013132535520595222,6.23404255319149,0.10638297872340426,0.12468085106382978,8020.477815699659,50,50,0.0,271.94,265.5,271.94
PH,500,0.3,alpha-investing,0.05,1,23194,22978,102,52,50,0.5098039215686274,0.002263034206632431,1.1063829787234043,0.19148936170212766,0.022127659574468085,45192.307692307695,50,50,0.0,377.94,365.0,377.94
PH,500,0.3,raw,,3,18748,18673,1680,1630,50,0.9702380952380952,0.08729181170674236,34.680851063829785,1.0,0.6936170212765957,1441.717791411043,50,50,0.0,137.34,94.0,137.34
PH,500,0.3,uncorrected,0.05,3,23055,22967,151,101,50,0.6688741721854304,0.004397613967866939,2.148936170212766,0.5957446808510638,0.04297872340425532,23267.326732673268,50,50,0.0,135.34,131.5,135.34
PH,500,0.3,bonferroni,0.05,3,23350,23179,50,0,50,0.0,0.0,0.0,0.0,0.0,inf,50,50,0.0,293.34,278.0,293.34
PH,500,0.3,bh_window,0.05,3,23350,23193,50,0,50,0.0,0.0,0.0,0.0,0.0,inf,50,50,0.0,265.34,252.0,265.34
PH,500,0.3,LOND,0.05,3,23396,22785,37,0,37,0.0,0.0,0.0,0.0,0.0,inf,50,37,0.26,733.1351351351351,474.0,1173.34
PH,500,0.3,LORD++,0.05,3,23350,23117,50,0,50,0.0,0.0,0.0,0.0,0.0,inf,50,50,0.0,417.34,331.0,417.34
PH,500,0.3,SAFFRON,0.05,3,23353,23011,49,0,49,0.0,0.0,0.0,0.0,0.0,inf,50,49,0.020000000000000018,626.6530612244898,454.0,635.34
PH,500,0.3,alpha-investing,0.05,3,23500,22425,0,0,0,0.0,0.0,0.0,0.0,0.0,inf,50,0,1.0,,,2101.34
PH,500,0.3,raw,,4,19521,19457,1347,1297,50,0.9628804751299184,0.0666598139487074,27.595744680851062,1.0,0.5519148936170213,1811.8735543562066,50,50,0.0,122.84,106.0,122.84
PH,500,0.3,uncorrected,0.05,4,23060,22951,147,97,50,0.6598639455782312,0.004226395364036425,2.0638297872340425,0.6595744680851063,0.04127659574468085,24226.80412371134,50,50,0.0,168.84,149.5,168.84
PH,500,0.3,bonferroni,0.05,4,23350,23158,50,0,50,0.0,0.0,0.0,0.0,0.0,inf,50,50,0.0,328.84,315.0,328.84
PH,500,0.3,bh_window,0.05,4,23350,23179,50,0,50,0.0,0.0,0.0,0.0,0.0,inf,50,50,0.0,286.84,261.5,286.84
PH,500,0.3,LOND,0.05,4,23369,22938,44,0,44,0.0,0.0,0.0,0.0,0.0,inf,50,44,0.12,630.8181818181819,442.0,806.84
PH,500,0.3,LORD++,0.05,4,23350,23117,50,0,50,0.0,0.0,0.0,0.0,0.0,inf,50,50,0.0,410.84,354.5,410.84
PH,500,0.3,SAFFRON,0.05,4,23344,22994,52,2,50,0.038461538461538464,8.697921196833956e-05,0.0425531914893617,0.02127659574468085,0.000851063829787234,1175000.0,50,50,0.0,644.84,490.5,644.84
PH,500,0.3,alpha-investing,0.05,4,23350,22929,50,0,50,0.0,0.0,0.0,0.0,0.0,inf,50,50,0.0,786.84,666.5,786.84
PH,500,0.3,raw,,2,17324,17267,2156,2106,50,0.9768089053803339,0.12196675739850582,44.808510638297875,1.0,0.8961702127659574,1115.8594491927824,50,50,0.0,100.48,84.5,100.48
PH,500,0.3,uncorrected,0.05,2,22294,22218,427,377,50,0.882903981264637,0.016968223962552886,8.02127659574468,0.851063829787234,0.16042553191489362,6233.42175066313,50,50,0.0,104.48,104.5,104.48
PH,500,0.3,bonferroni,0.05,2,23350,23203,50,0,50,0.0,0.0,0.0,0.0,0.0,inf,50,50,0.0,246.48,252.0,246.48
PH,500,0.3,bh_window,0.05,2,23341,23209,53,3,50,0.05660377358490566,0.00012926020078417856,0.06382978723404255,0.06382978723404255,0.001276595744680851,783333.3333333334,50,50,0.0,216.48,222.5,216.48
PH,500,0.3,LOND,0.05,2,23350,23122,50,0,50,0.0,0.0,0.0,0.0,0.0,inf,50,50,0.0,408.48,356.5,408.48
PH,500,0.3,LORD++,0.05,2,23350,23186,50,0,50,0.0,0.0,0.0,0.0,0.0,inf,50,50,0.0,280.48,263.0,280.48
PH,500,0.3,SAFFRON,0.05,2,23311,23154,63,13,50,0.20634920634920634,0.0005614580634015721,0.2765957446808511,0.1276595744680851,0.005531914893617021,180769.23076923078,50,50,0.0,266.48,251.0,266.48
PH,500,0.3,alpha-investing,0.05,2,23341,23110,53,3,50,0.05660377358490566,0.00012981393336218086,0.06382978723404255,0.06382978723404255,0.001276595744680851,783333.3333333334,50,50,0.0,414.48,387.0,414.48
PH,500,0.3,raw,,5,17838,17773,1916,1866,50,0.9739039665970772,0.10499071625499352,39.702127659574465,1.0,0.7940425531914893,1259.3783494105037,50,50,0.0,144.04,109.5,144.04
PH,500,0.3,uncorrected,0.05,5,22260,22175,415,365,50,0.8795180722891566,0.016459977452085682,7.76595744680851,0.8723404255319149,0.15531914893617021,6438.356164383562,50,50,0.0,132.04,116.0,132.04
PH,500,0.3,bonferroni,0.05,5,23347,23193,51,1,50,0.0196078431372549,4.311645755184754e-05,0.02127659574468085,0.02127659574468085,0.000425531914893617,2350000.0,50,50,0.0,256.04,248.5,256.04
PH,500,0.3,bh_window,0.05,5,23335,23193,55,5,50,0.09090909090909091,0.0002155822877592377,0.10638297872340426,0.0851063829787234,0.002127659574468085,470000.0,50,50,0.0,232.04,228.0,232.04
PH,500,0.3,LOND,0.05,5,23362,23073,46,0,46,0.0,0.0,0.0,0.0,0.0,inf,50,46,0.07999999999999996,394.5869565217391,367.0,526.04
PH,500,0.3,LORD++,0.05,5,23350,23174,50,0,50,0.0,0.0,0.0,0.0,0.0,inf,50,50,0.0,300.04,304.5,300.04
PH,500,0.3,SAFFRON,0.05,5,23194,22988,102,54,48,0.5294117647058824,0.002349051679136941,1.148936170212766,0.1276595744680851,0.02297872340425532,43518.51851851852,50,48,0.040000000000000036,327.4791666666667,291.5,370.04
PH,500,0.3,alpha-investing,0.05,5,23308,22984,64,17,47,0.265625,0.0007396449704142012,0.3617021276595745,0.0851063829787234,0.00723404255319149,138235.29411764705,50,47,0.06000000000000005,564.0851063829788,488.0,596.04
PH,500,0.3,raw,,6,17969,17911,1878,1828,50,0.9733759318423855,0.10206018647758361,38.8936170212766,1.0,0.7778723404255319,1285.5579868708971,50,50,0.0,132.86,94.0,132.86
PH,500,0.3,uncorrected,0.05,6,22592,22505,307,257,50,0.8371335504885994,0.011419684514552322,5.468085106382978,0.8936170212765957,0.10936170212765957,9143.96887159533,50,50,0.0,130.86,137.5,130.86
PH,500,0.3,bonferroni,0.05,6,23347,23177,51,2,49,0.0392156862745098,8.62924450964318e-05,0.0425531914893617,0.02127659574468085,0.000851063829787234,1175000.0,50,49,0.020000000000000018,279.6938775510204,271.0,294.86
PH,500,0.3,bh_window,0.05,6,23347,23194,51,2,49,0.0392156862745098,8.622919720617402e-05,0.0425531914893617,0.02127659574468085,0.000851063829787234,1175000.0,50,49,0.020000000000000018,245.0,255.0,260.86
PH,500,0.3,LOND,0.05,6,23366,22965,45,0,45,0.0,0.0,0.0,0.0,0.0,inf,50,45,0.09999999999999998,601.9777777777778,424.0,756.86
PH,500,0.3,LORD++,0.05,6,23347,23162,51,2,49,0.0392156862745098,8.634832915983076e-05,0.0425531914893617,0.02127659574468085,0.000851063829787234,1175000.0,50,49,0.020000000000000018,310.3061224489796,301.0,324.86
PH,500,0.3,SAFFRON,0.05,6,23323,23100,59,10,49,0.1694915254237288,0.0004329004329004329,0.2127659574468085,0.06382978723404255,0.00425531914893617,235000.0,50,49,0.020000000000000018,387.85714285714283,351.0,400.86
PH,500,0.3,alpha-investing,0.05,6,23350,22863,50,2,48,0.04,8.747758386913353e-05,0.0425531914893617,0.0425531914893617,0.000851063829787234,1175000.0,50,48,0.040000000000000036,898.6666666666666,774.0,928.86
PH,500,0.3,raw,,8,18136,18077,1844,1794,50,0.972885032537961,0.09924213088454943,38.170212765957444,1.0,0.7634042553191489,1309.9219620958752,50,50,0.0,134.32,101.5,134.32
PH,500,0.3,uncorrected,0.05,8,22606,22519,301,251,50,0.8338870431893688,0.011146143256805364,5.340425531914893,0.8723404255319149,0.10680851063829787,9362.549800796813,50,50,0.0,134.32,137.5,134.32
PH,500,0.3,bonferroni,0.05,8,23350,23196,50,0,50,0.0,0.0,0.0,0.0,0.0,inf,50,50,0.0,262.32,261.0,262.32
PH,500,0.3,bh_window,0.05,8,23350,23209,50,0,50,0.0,0.0,0.0,0.0,0.0,inf,50,50,0.0,236.32,250.5,236.32
PH,500,0.3,LOND,0.05,8,23359,23054,47,0,47,0.0,0.0,0.0,0.0,0.0,inf,50,47,0.06000000000000005,483.0851063829787,375.0,564.32
PH,500,0.3,LORD++,0.05,8,23350,23177,50,0,50,0.0,0.0,0.0,0.0,0.0,inf,50,50,0.0,300.32,278.5,300.32
PH,500,0.3,SAFFRON,0.05,8,23326,23141,58,8,50,0.13793103448275862,0.00034570675424571107,0.1702127659574468,0.06382978723404255,0.003404255319148936,293750.0,50,50,0.0,326.32,298.0,326.32
PH,500,0.3,alpha-investing,0.05,8,23377,22832,41,0,41,0.0,0.0,0.0,0.0,0.0,inf,50,41,0.18000000000000005,951.0487804878048,878.0,1044.32
PH,500,0.3,raw,,7,17367,17301,2218,2168,50,0.9774571686203787,0.1253106756834865,46.12765957446808,1.0,0.9225531914893617,1083.9483394833949,50,50,0.0,123.66,97.5,123.66
PH,500,0.3,uncorrected,0.05,7,22158,22077,470,420,50,0.8936170212765957,0.019024323957059382,8.936170212765957,0.8723404255319149,0.17872340425531916,5595.238095238095,50,50,0.0,119.66,112.0,119.66
PH,500,0.3,bonferroni,0.05,7,23350,23201,51,1,50,0.0196078431372549,4.3101590448687555e-05,0.02127659574468085,0.02127659574468085,0.000425531914893617,2350000.0,50,50,0.0,247.66,228.0,247.66
PH,500,0.3,bh_window,0.05,7,23335,23207,55,5,50,0.09090909090909091,0.00021545223423966907,0.10638297872340426,0.06382978723404255,0.002127659574468085,470000.0,50,50,0.0,205.66,203.5,205.66
PH,500,0.3,LOND,0.05,7,23368,23070,45,0,45,0.0,0.0,0.0,0.0,0.0,inf,50,45,0.09999999999999998,378.46666666666664,352.0,545.66
PH,500,0.3,LORD++,0.05,7,23344,23181,52,2,50,0.038461538461538464,8.62775548940943e-05,0.0425531914893617,0.0425531914893617,0.000851063829787234,1175000.0,50,50,0.0,275.66,251.0,275.66
PH,500,0.3,SAFFRON,0.05,7,22571,22406,310,261,49,0.8419354838709677,0.011648665536017138,5.553191489361702,0.1276595744680851,0.11106382978723404,9003.83141762452,50,49,0.020000000000000018,255.0612244897959,233.0,285.66
PH,500,0.3,alpha-investing,0.05,7,23353,22980,49,1,48,0.02040816326530612,4.351610095735422e-05,0.02127659574468085,0.02127659574468085,0.000425531914893617,2350000.0,50,48,0.040000000000000036,679.3125,597.5,695.66
PH,250,0.0,raw,,0,9079,9051,923,898,25,0.9729144095341279,0.09921555629212242,19.106382978723403,1.0,0.7642553191489362,1308.4632516703787,25,25,0.0,131.4,90.0,131.4
PH,250,0.0,uncorrected,0.05,0,11310,11270,148,123,25,0.831081081081081,0.010913930789707187,2.617021276595745,0.851063829787234,0.1046808510638298,9552.845528455284,25,25,0.0,135.4,128.0,135.4
PH,250,0.0,bonferroni,0.05,0,11672,11604,26,1,25,0.038461538461538464,8.617718028266115e-05,0.02127659574468085,0.02127659574468085,0.000851063829787234,1175000.0,25,25,0.0,231.4,225.0,231.4
PH,250,0.0,bh_window,0.05,0,11666,11602,28,3,25,0.10714285714285714,0.0002585761075676607,0.06382978723404255,0.06382978723404255,0.002553191489361702,391666.6666666667,25,25,0.0,215.4,225.0,215.4
PH,250,0.0,LOND,0.05,0,11687,11523,21,0,21,0.0,0.0,0.0,0.0,0.0,inf,25,21,0.16000000000000003,386.23809523809524,348.0,615.4
PH,250,0.0,LORD++,0.05,0,11675,11581,25,0,25,0.0,0.0,0.0,0.0,0.0,inf,25,25,0.0,335.4,287.0,335.4
PH,250,0.0,SAFFRON,0.05,0,11663,11568,29,4,25,0.13793103448275862,0.00034578146611341634,0.0851063829787234,0.06382978723404255,0.003404255319148936,293750.0,25,25,0.0,339.4,287.0,339.4
PH,250,0.0,alpha-investing,0.05,0,11663,11516,29,4,25,0.13793103448275862,0.0003473428273706148,0.0851063829787234,0.06382978723404255,0.003404255319148936,293750.0,25,25,0.0,547.4,479.0,547.4
PH,250,0.0,raw,,1,9185,9156,886,861,25,0.9717832957110609,0.09403669724770643,18.319148936170212,1.0,0.7327659574468085,1364.692218350755,25,25,0.0,145.24,96.0,145.24
PH,250,0.0,uncorrected,0.05,1,11234,11195,174,149,25,0.8563218390804598,0.013309513175524788,3.1702127659574466,0.9361702127659575,0.12680851063829787,7885.906040268456,25,25,0.0,121.24,110.0,121.24
PH,250,0.0,bonferroni,0.05,1,11669,11600,27,2,25,0.07407407407407407,0.00017241379310344826,0.0425531914893617,0.0425531914893617,0.001702127659574468,587500.0,25,25,0.0,233.24,242.0,233.24
PH,250,0.0,bh_window,0.05,1,11666,11600,28,3,25,0.10714285714285714,0.0002586206896551724,0.06382978723404255,0.0425531914893617,0.002553191489361702,391666.6666666667,25,25,0.0,221.24,232.0,221.24
PH,250,0.0,LOND,0.05,1,11678,11540,24,0,24,0.0,0.0,0.0,0.0,0.0,inf,25,24,0.040000000000000036,428.8333333333333,378.0,509.24
PH,250,0.0,LORD++,0.05,1,11672,11585,26,1,25,0.038461538461538464,8.631851532153647e-05,0.02127659574468085,0.02127659574468085,0.000851063829787234,1175000.0,25,25,0.0,305.24,289.0,305.24
PH,250,0.0,SAFFRON,0.05,1,11672,11584,26,1,25,0.038461538461538464,8.632596685082873e-05,0.02127659574468085,0.02127659574468085,0.000851063829787234,1175000.0,25,25,0.0,309.24,293.0,309.24
PH,250,0.0,alpha-investing,0.05,1,11672,11513,26,5,21,0.19230769230769232,0.0004342916702857639,0.10638297872340426,0.06382978723404255,0.00425531914893617,235000.0,25,21,0.16000000000000003,488.76190476190476,486.0,593.24
PH,500,0.3,raw,,9,18915,18852,1561,1511,50,0.9679692504804612,0.08015064714619138,32.148936170212764,1.0,0.6429787234042553,1555.261416280609,50,50,0.0,122.04,93.0,122.04
PH,500,0.3,uncorrected,0.05,9,23024,22930,159,109,50,0.6855345911949685,0.004753597906672481,2.3191489361702127,0.6382978723404256,0.04638297872340426,21559.633027522937,50,50,0.0,148.04,149.5,148.04
PH,500,0.3,bonferroni,0.05,9,23353,23146,49,0,49,0.0,0.0,0.0,0.0,0.0,inf,50,49,0.020000000000000018,352.8979591836735,319.0,368.04
PH,500,0.3,bh_window,0.05,9,23353,23182,49,0,49,0.0,0.0,0.0,0.0,0.0,inf,50,49,0.020000000000000018,279.42857142857144,265.0,296.04
PH,500,0.3,LOND,0.05,9,23395,22774,35,0,35,0.0,0.0,0.0,0.0,0.0,inf,50,35,0.30000000000000004,618.4,407.0,1196.04
PH,500,0.3,LORD++,0.05,9,23353,23114,49,0,49,0.0,0.0,0.0,0.0,0.0,inf,50,49,0.020000000000000018,418.2040816326531,345.0,432.04
PH,500,0.3,SAFFRON,0.05,9,23347,23081,51,2,49,0.0392156862745098,8.665135826004073e-05,0.0425531914893617,0.0425531914893617,0.000851063829787234,1175000.0,50,49,0.020000000000000018,473.3061224489796,382.0,486.04
PH,500,0.3,alpha-investing,0.05,9,23353,23024,49,3,46,0.061224489795918366,0.00013029881862404447,0.06382978723404255,0.0425531914893617,0.001276595744680851,783333.3333333334,50,46,0.07999999999999996,552.1739130434783,448.5,612.04
PH,250,0.0,raw,,2,9171,9119,890,866,24,0.9730337078651685,0.09496655335014804,18.425531914893618,1.0,0.7370212765957447,1356.8129330254042,25,24,0.040000000000000036,114.5,105.5,185.48
PH,250,0.0,uncorrected,0.05,2,11328,11286,147,122,25,0.8299319727891157,0.010809852915116073,2.595744680851064,0.8723404255319149,0.10382978723404256,9631.147540983606,25,25,0.0,117.48,109.0,117.48
PH,250,0.0,bonferroni,0.05,2,11675,11603,25,0,25,0.0,0.0,0.0,0.0,0.0,inf,25,25,0.0,237.48,216.0,237.48
PH,250,0.0,bh_window,0.05,2,11672,11605,26,1,25,0.038461538461538464,8.616975441619992e-05,0.02127659574468085,0.02127659574468085,0.000851063829787234,1175000.0,25,25,0.0,217.48,216.0,217.48
PH,250,0.0,LOND,0.05,2,11681,11516,23,0,23,0.0,0.0,0.0,0.0,0.0,inf,25,23,0.07999999999999996,468.0869565217391,350.0,609.48
PH,250,0.0,LORD++,0.05,2,11675,11586,25,0,25,0.0,0.0,0.0,0.0,0.0,inf,25,25,0.0,305.48,266.0,305.48
PH,250,0.0,SAFFRON,0.05,2,11672,11584,26,1,25,0.038461538461538464,8.632596685082873e-05,0.02127659574468085,0.02127659574468085,0.000851063829787234,1175000.0,25,25,0.0,301.48,250.0,301.48
PH,250,0.0,alpha-investing,0.05,2,11675,11553,25,1,24,0.04,8.655760408551892e-05,0.02127659574468085,0.02127659574468085,0.000851063829787234,1175000.0,25,24,0.040000000000000036,404.375,332.0,437.48
PH,250,0.0,raw,,3,9267,9211,860,836,24,0.9720930232558139,0.09076104657474758,17.78723404255319,1.0,0.7114893617021276,1405.5023923444976,25,24,0.040000000000000036,100.54166666666667,80.5,212.08
PH,250,0.0,uncorrected,0.05,3,11320,11277,149,124,25,0.8322147651006712,0.010995832224882504,2.6382978723404253,0.8085106382978723,0.10553191489361702,9475.806451612903,25,25,0.0,128.08,133.0,128.08
PH,250,0.0,bonferroni,0.05,3,11675,11602,25,0,25,0.0,0.0,0.0,0.0,0.0,inf,25,25,0.0,248.08,244.0,248.08
PH,250,0.0,bh_window,0.05,3,11672,11600,26,1,25,0.038461538461538464,8.620689655172413e-05,0.02127659574468085,0.02127659574468085,0.000851063829787234,1175000.0,25,25,0.0,244.08,244.0,244.08
PH,250,0.0,LOND,0.05,3,11687,11481,21,0,21,0.0,0.0,0.0,0.0,0.0,inf,25,21,0.16000000000000003,517.1428571428571,381.0,780.08
PH,250,0.0,LORD++,0.05,3,11675,11574,25,0,25,0.0,0.0,0.0,0.0,0.0,inf,25,25,0.0,360.08,289.0,360.08
PH,250,0.0,SAFFRON,0.05,3,11678,11564,24,0,24,0.0,0.0,0.0,0.0,0.0,inf,25,24,0.040000000000000036,380.4166666666667,311.0,412.08
PH,250,0.0,alpha-investing,0.05,3,11675,11486,25,1,24,0.04,8.706251088281386e-05,0.02127659574468085,0.02127659574468085,0.000851063829787234,1175000.0,25,24,0.040000000000000036,645.0,426.0,712.08
PH,250,0.0,raw,,4,9180,9151,883,858,25,0.9716874292185731,0.09376024478199103,18.25531914893617,1.0,0.7302127659574468,1369.4638694638695,25,25,0.0,116.76,90.0,116.76
PH,250,0.0,uncorrected,0.05,4,11331,11294,141,116,25,0.8226950354609929,0.010270940322295023,2.4680851063829787,0.8723404255319149,0.09872340425531916,10129.310344827587,25,25,0.0,120.76,109.0,120.76
PH,250,0.0,bonferroni,0.05,4,11675,11603,25,0,25,0.0,0.0,0.0,0.0,0.0,inf,25,25,0.0,244.76,253.0,244.76
PH,250,0.0,bh_window,0.05,4,11675,11609,25,0,25,0.0,0.0,0.0,0.0,0.0,inf,25,25,0.0,220.76,198.0,220.76
PH,250,0.0,LOND,0.05,4,11687,11483,21,0,21,0.0,0.0,0.0,0.0,0.0,inf,25,21,0.16000000000000003,605.6190476190476,354.0,772.76
PH,250,0.0,LORD++,0.05,4,11675,11589,25,0,25,0.0,0.0,0.0,0.0,0.0,inf,25,25,0.0,300.76,276.0,300.76
PH,250,0.0,SAFFRON,0.05,4,11675,11573,25,0,25,0.0,0.0,0.0,0.0,0.0,inf,25,25,0.0,364.76,271.0,364.76
PH,250,0.0,alpha-investing,0.05,4,11681,11489,23,1,22,0.043478260869565216,8.703977717817043e-05,0.02127659574468085,0.02127659574468085,0.000851063829787234,1175000.0,25,22,0.12,675.1363636363636,496.0,724.76
PH,250,0.0,raw,,5,9110,9080,909,884,25,0.9724972497249725,0.0973568281938326,18.80851063829787,1.0,0.7523404255319149,1329.185520361991,25,25,0.0,110.48,103.0,110.48
PH,250,0.0,uncorrected,0.05,5,11252,11214,168,143,25,0.8511904761904762,0.012751917246299269,3.0425531914893615,0.8936170212765957,0.12170212765957447,8216.783216783217,25,25,0.0,118.48,106.0,118.48
PH,250,0.0,bonferroni,0.05,5,11669,11604,28,3,25,0.10714285714285714,0.0002585315408479835,0.06382978723404255,0.06382978723404255,0.002553191489361702,391666.6666666667,25,25,0.0,222.48,203.0,222.48
PH,250,0.0,bh_window,0.05,5,11663,11604,29,4,25,0.13793103448275862,0.0003447087211306446,0.0851063829787234,0.0851063829787234,0.003404255319148936,293750.0,25,25,0.0,198.48,191.0,198.48
PH,250,0.0,LOND,0.05,5,11675,11570,25,1,24,0.04,8.643042350907519e-05,0.02127659574468085,0.02127659574468085,0.000851063829787234,1175000.0,25,24,0.040000000000000036,296.6666666666667,294.0,374.48
PH,250,0.0,LORD++,0.05,5,11672,11591,26,1,25,0.038461538461538464,8.62738331464067e-05,0.02127659574468085,0.02127659574468085,0.000851063829787234,1175000.0,25,25,0.0,278.48,248.0,278.48
PH,250,0.0,SAFFRON,0.05,5,11669,11588,27,2,25,0.07407407407407407,0.00017259233690024162,0.0425531914893617,0.0425531914893617,0.001702127659574468,587500.0,25,25,0.0,278.48,248.0,278.48
PH,250,0.0,alpha-investing,0.05,5,11672,11523,26,3,23,0.11538461538461539,0.0002603488674824265,0.06382978723404255,0.0425531914893617,0.002553191489361702,391666.6666666667,25,23,0.07999999999999996,446.0,355.0,550.48
PH,250,0.0,raw,,6,8988,8957,953,928,25,0.9737670514165793,0.10360611811990622,19.74468085106383,1.0,0.7897872340425532,1266.1637931034484,25,25,0.0,137.92,101.0,137.92
PH,250,0.0,uncorrected,0.05,6,11314,11268,148,123,25,0.831081081081081,0.010915867944621939,2.617021276595745,0.8297872340425532,0.1046808510638298,9552.845528455284,25,25,0.0,129.92,131.0,129.92
PH,250,0.0,bonferroni,0.05,6,11672,11596,26,1,25,0.038461538461538464,8.623663332183511e-05,0.02127659574468085,0.02127659574468085,0.000851063829787234,1175000.0,25,25,0.0,249.92,231.0,249.92
PH,250,0.0,bh_window,0.05,6,11669,11596,27,2,25,0.07407407407407407,0.00017247326664367022,0.0425531914893617,0.0425531914893617,0.001702127659574468,587500.0,25,25,0.0,237.92,221.0,237.92
PH,250,0.0,LOND,0.05,6,11684,11518,22,0,22,0.0,0.0,0.0,0.0,0.0,inf,25,22,0.12,461.6818181818182,376.5,609.92
PH,250,0.0,LORD++,0.05,6,11678,11574,24,0,24,0.0,0.0,0.0,0.0,0.0,inf,25,24,0.040000000000000036,332.25,311.5,361.92
PH,250,0.0,SAFFRON,0.05,6,11675,11571,25,0,25,0.0,0.0,0.0,0.0,0.0,inf,25,25,0.0,361.92,320.0,361.92
PH,250,0.0,alpha-investing,0.05,6,11690,11487,20,2,18,0.1,0.0001741098633237573,0.0425531914893617,0.0425531914893617,0.001702127659574468,587500.0,25,18,0.28,482.6111111111111,468.5,757.92
PH,250,0.0,raw,,7,9090,9041,923,898,25,0.9729144095341279,0.09932529587435018,19.106382978723403,1.0,0.7642553191489362,1308.4632516703787,25,25,0.0,206.36,98.0,206.36
PH,250,0.0,uncorrected,0.05,7,11344,11301,136,111,25,0.8161764705882353,0.009822139633660737,2.3617021276595747,0.7872340425531915,0.09446808510638298,10585.585585585586,25,25,0.0,126.36,119.0,126.36
PH,250,0.0,bonferroni,0.05,7,11672,11598,26,1,25,0.038461538461538464,8.62217623728229e-05,0.02127659574468085,0.02127659574468085,0.000851063829787234,1175000.0,25,25,0.0,250.36,217.0,250.36
PH,250,0.0,bh_window,0.05,7,11672,11602,26,1,25,0.038461538461538464,8.619203585588692e-05,0.02127659574468085,0.02127659574468085,0.000851063829787234,1175000.0,25,25,0.0,234.36,208.0,234.36
PH,250,0.0,LOND,0.05,7,11681,11467,23,0,23,0.0,0.0,0.0,0.0,0.0,inf,25,23,0.07999999999999996,712.4347826086956,358.0,810.36
PH,250,0.0,LORD++,0.05,7,11678,11559,24,0,24,0.0,0.0,0.0,0.0,0.0,inf,25,24,0.040000000000000036,340.9166666666667,295.0,430.36
PH,250,0.0,SAFFRON,0.05,7,11675,11572,25,0,25,0.0,0.0,0.0,0.0,0.0,inf,25,25,0.0,366.36,335.0,366.36
PH,250,0.0,alpha-investing,0.05,7,11669,11488,27,2,25,0.07407407407407407,0.00017409470752089137,0.0425531914893617,0.0425531914893617,0.001702127659574468,587500.0,25,25,0.0,678.36,577.0,678.36
PH,250,0.0,raw,,8,9132,9097,912,887,25,0.9725877192982456,0.09750467186984721,18.872340425531913,1.0,0.7548936170212766,1324.6899661781285,25,25,0.0,116.96,109.0,116.96
PH,250,0.0,uncorrected,0.05,8,11269,11220,164,139,25,0.8475609756097561,0.012388591800356506,2.9574468085106385,0.8936170212765957,0.11829787234042553,8453.237410071943,25,25,0.0,140.96,143.0,140.96
PH,250,0.0,bonferroni,0.05,8,11675,11601,25,0,25,0.0,0.0,0.0,0.0,0.0,inf,25,25,0.0,240.96,243.0,240.96
PH,250,0.0,bh_window,0.05,8,11669,11600,27,2,25,0.07407407407407407,0.00017241379310344826,0.0425531914893617,0.02127659574468085,0.001702127659574468,587500.0,25,25,0.0,220.96,218.0,220.96
PH,250,0.0,LOND,0.05,8,11678,11530,24,0,24,0.0,0.0,0.0,0.0,0.0,inf,25,24,0.040000000000000036,514.0416666666666,396.0,536.96
PH,250,0.0,LORD++,0.05,8,11675,11580,25,0,25,0.0,0.0,0.0,0.0,0.0,inf,25,25,0.0,324.96,309.0,324.96
PH,250,0.0,SAFFRON,0.05,8,11669,11545,27,2,25,0.07407407407407407,0.00017323516673884798,0.0425531914893617,0.0425531914893617,0.001702127659574468,587500.0,25,25,0.0,440.96,347.0,440.96
PH,250,0.0,alpha-investing,0.05,8,11681,11549,23,1,22,0.043478260869565216,8.658758334054896e-05,0.02127659574468085,0.02127659574468085,0.000851063829787234,1175000.0,25,22,0.12,381.22727272727275,353.0,472.96
PH,250,0.0,raw,,9,9203,9170,882,857,25,0.971655328798186,0.09345692475463468,18.23404255319149,1.0,0.7293617021276596,1371.0618436406069,25,25,0.0,158.84,115.0,158.84
PH,250,0.0,uncorrected,0.05,9,11270,11225,161,136,25,0.84472049689441,0.012115812917594655,2.893617021276596,0.8297872340425532,0.11574468085106383,8639.70588235294,25,25,0.0,138.84,122.0,138.84
PH,250,0.0,bonferroni,0.05,9,11669,11596,27,2,25,0.07407407407407407,0.00017247326664367022,0.0425531914893617,0.0425531914893617,0.001702127659574468,587500.0,25,25,0.0,230.84,218.0,230.84
PH,250,0.0,bh_window,0.05,9,11669,11602,27,2,25,0.07407407407407407,0.00017238407171177384,0.0425531914893617,0.0425531914893617,0.001702127659574468,587500.0,25,25,0.0,206.84,214.0,206.84
PH,250,0.0,LOND,0.05,9,11681,11514,23,0,23,0.0,0.0,0.0,0.0,0.0,inf,25,23,0.07999999999999996,427.82608695652175,321.0,606.84
PH,250,0.0,LORD++,0.05,9,11675,11592,25,0,25,0.0,0.0,0.0,0.0,0.0,inf,25,25,0.0,270.84,235.0,270.84
PH,250,0.0,SAFFRON,0.05,9,11666,11577,28,3,25,0.10714285714285714,0.0002591344908007256,0.06382978723404255,0.0425531914893617,0.002553191489361702,391666.6666666667,25,25,0.0,294.84,302.0,294.84
PH,250,0.0,alpha-investing,0.05,9,11669,11538,27,2,25,0.07407407407407407,0.0001733402669440111,0.0425531914893617,0.02127659574468085,0.001702127659574468,587500.0,25,25,0.0,462.84,393.0,462.84
PH,250,0.3,raw,,0,9161,9134,899,874,25,0.9721913236929922,0.09568644624479965,18.595744680851062,1.0,0.7438297872340426,1344.3935926773456,25,25,0.0,123.4,87.0,123.4
PH,250,0.3,uncorrected,0.05,0,11340,11301,143,118,25,0.8251748251748252,0.010441553844792496,2.5106382978723403,0.6808510638297872,0.10042553191489362,9957.627118644068,25,25,0.0,115.4,113.0,115.4
PH,250,0.3,bonferroni,0.05,0,11675,11602,25,0,25,0.0,0.0,0.0,0.0,0.0,inf,25,25,0.0,251.4,248.0,251.4
PH,250,0.3,bh_window,0.05,0,11672,11609,26,1,25,0.038461538461538464,8.614006374364717e-05,0.02127659574468085,0.02127659574468085,0.000851063829787234,1175000.0,25,25,0.0,211.4,207.0,211.4
PH,250,0.3,LOND,0.05,0,11681,11515,24,0,24,0.0,0.0,0.0,0.0,0.0,inf,25,24,0.040000000000000036,535.8333333333334,397.0,623.4
PH,250,0.3,LORD++,0.05,0,11675,11573,25,0,25,0.0,0.0,0.0,0.0,0.0,inf,25,25,0.0,367.4,287.0,367.4
PH,250,0.3,SAFFRON,0.05,0,11675,11566,25,0,25,0.0,0.0,0.0,0.0,0.0,inf,25,25,0.0,395.4,297.0,395.4
PH,250,0.3,alpha-investing,0.05,0,11672,11419,26,1,25,0.038461538461538464,8.757334267448988e-05,0.02127659574468085,0.02127659574468085,0.000851063829787234,1175000.0,25,25,0.0,971.4,874.0,971.4
PH,250,0.3,raw,,2,8824,8774,1047,1023,24,0.9770773638968482,0.11659448370184636,21.76595744680851,1.0,0.8706382978723404,1148.5826001955033,25,24,0.040000000000000036,106.16666666666667,101.0,177.48
PH,250,0.3,uncorrected,0.05,2,11165,11126,214,189,25,0.883177570093458,0.01698723710228294,4.0212765957446805,0.7872340425531915,0.16085106382978723,6216.931216931217,25,25,0.0,105.48,105.0,105.48
PH,250,0.3,bonferroni,0.05,2,11672,11609,26,1,25,0.038461538461538464,8.614006374364717e-05,0.02127659574468085,0.02127659574468085,0.000851063829787234,1175000.0,25,25,0.0,201.48,205.0,201.48
PH,250,0.3,bh_window,0.05,2,11666,11608,28,3,25,0.10714285714285714,0.00025844245348035836,0.06382978723404255,0.06382978723404255,0.002553191489361702,391666.6666666667,25,25,0.0,181.48,189.0,181.48
PH,250,0.3,LOND,0.05,2,11675,11563,25,0,25,0.0,0.0,0.0,0.0,0.0,inf,25,25,0.0,397.48,308.0,397.48
PH,250,0.3,LORD++,0.05,2,11672,11590,26,1,25,0.038461538461538464,8.628127696289905e-05,0.02127659574468085,0.02127659574468085,0.000851063829787234,1175000.0,25,25,0.0,277.48,216.0,277.48
PH,250,0.3,SAFFRON,0.05,2,11651,11568,33,8,25,0.24242424242424243,0.0006915629322268327,0.1702127659574468,0.06382978723404255,0.006808510638297872,146875.0,25,25,0.0,281.48,223.0,281.48
PH,250,0.3,alpha-investing,0.05,2,11663,11533,29,4,25,0.13793103448275862,0.0003468308332610769,0.0851063829787234,0.06382978723404255,0.003404255319148936,293750.0,25,25,0.0,469.48,377.0,469.48
PH,250,0.3,raw,,3,9098,9067,913,888,25,0.9726177437020811,0.09793757582441821,18.893617021276597,1.0,0.7557446808510638,1323.1981981981983,25,25,0.0,108.08,83.0,108.08
PH,250,0.3,uncorrected,0.05,3,11354,11312,133,108,25,0.8120300751879699,0.009547383309759547,2.297872340425532,0.48936170212765956,0.09191489361702128,10879.62962962963,25,25,0.0,124.08,125.0,124.08
PH,250,0.3,bonferroni,0.05,3,11666,11588,28,3,25,0.10714285714285714,0.00025888850535036245,0.06382978723404255,0.06382978723404255,0.002553191489361702,391666.6666666667,25,25,0.0,268.08,238.0,268.08
PH,250,0.3,bh_window,0.05,3,11666,11590,28,3,25,0.10714285714285714,0.0002588438308886972,0.06382978723404255,0.06382978723404255,0.002553191489361702,391666.6666666667,25,25,0.0,260.08,233.0,260.08
PH,250,0.3,LOND,0.05,3,11684,11477,22,1,21,0.045454545454545456,8.713078330574191e-05,0.02127659574468085,0.02127659574468085,0.000851063829787234,1175000.0,25,21,0.16000000000000003,555.952380952381,344.0,784.08
PH,250,0.3,LORD++,0.05,3,11678,11573,24,0,24,0.0,0.0,0.0,0.0,0.0,inf,25,24,0.040000000000000036,342.9166666666667,275.5,376.08
PH,250,0.3,SAFFRON,0.05,3,11663,11555,29,5,24,0.1724137931034483,0.00043271311120726956,0.10638297872340426,0.06382978723404255,0.00425531914893617,235000.0,25,24,0.040000000000000036,355.4166666666667,290.0,388.08
PH,250,0.3,alpha-investing,0.05,3,11678,11512,24,1,23,0.041666666666666664,8.686587908269631e-05,0.02127659574468085,0.02127659574468085,0.000851063829787234,1175000.0,25,23,0.07999999999999996,498.4347826086956,425.0,620.08
PH,250,0.3,raw,,4,9493,9461,764,739,25,0.9672774869109948,0.07811013634922313,15.72340425531915,0.9574468085106383,0.6289361702127659,1589.9864682002706,25,25,0.0,112.76,98.0,112.76
PH,250,0.3,uncorrected,0.05,4,11465,11422,96,71,25,0.7395833333333334,0.006216074242689547,1.5106382978723405,0.6170212765957447,0.06042553191489362,16549.295774647886,25,25,0.0,140.76,150.0,140.76
PH,250,0.3,bonferroni,0.05,4,11675,11597,25,0,25,0.0,0.0,0.0,0.0,0.0,inf,25,25,0.0,268.76,250.0,268.76
PH,250,0.3,bh_window,0.05,4,11675,11604,25,0,25,0.0,0.0,0.0,0.0,0.0,inf,25,25,0.0,240.76,241.0,240.76
PH,250,0.3,LOND,0.05,4,11690,11485,20,0,20,0.0,0.0,0.0,0.0,0.0,inf,25,20,0.19999999999999996,528.4,351.5,776.76
PH,250,0.3,LORD++,0.05,4,11678,11568,24,0,24,0.0,0.0,0.0,0.0,0.0,inf,25,24,0.040000000000000036,371.25,292.5,396.76
PH,250,0.3,SAFFRON,0.05,4,11681,11554,23,0,23,0.0,0.0,0.0,0.0,0.0,inf,25,23,0.07999999999999996,411.17391304347825,295.0,464.76
PH,250,0.3,alpha-investing,0.05,4,11678,11482,24,1,23,0.041666666666666664,8.709284096847239e-05,0.02127659574468085,0.02127659574468085,0.000851063829787234,1175000.0,25,23,0.07999999999999996,711.1739130434783,526.0,740.76
PH,250,0.3,raw,,5,9017,8989,926,901,25,0.9730021598272138,0.10023361886750473,19.170212765957448,1.0,0.7668085106382979,1304.1065482796892,25,25,0.0,118.48,95.0,118.48
PH,250,0.3,uncorrected,0.05,5,11119,11080,212,187,25,0.8820754716981132,0.01687725631768953,3.978723404255319,0.8297872340425532,0.15914893617021278,6283.422459893048,25,25,0.0,118.48,109.0,118.48
PH,250,0.3,bonferroni,0.05,5,11672,11576,26,2,24,0.07692307692307693,0.00017277125086385625,0.0425531914893617,0.0425531914893617,0.001702127659574468,587500.0,25,24,0.040000000000000036,217.0,204.5,346.48
PH,250,0.3,bh_window,0.05,5,11669,11575,27,3,24,0.1111111111111111,0.0002591792656587473,0.06382978723404255,0.06382978723404255,0.002553191489361702,391666.6666666667,25,24,0.040000000000000036,208.66666666666666,197.5,338.48
PH,250,0.3,LOND,0.05,5,11681,11531,23,0,23,0.0,0.0,0.0,0.0,0.0,inf,25,23,0.07999999999999996,367.4347826086956,292.0,554.48
PH,250,0.3,LORD++,0.05,5,11675,11597,25,0,25,0.0,0.0,0.0,0.0,0.0,inf,25,25,0.0,266.48,239.0,266.48
PH,250,0.3,SAFFRON,0.05,5,11642,11565,36,11,25,0.3055555555555556,0.0009511456982274103,0.23404255319148937,0.06382978723404255,0.009361702127659575,106818.18181818182,25,25,0.0,262.48,239.0,262.48
PH,250,0.3,alpha-investing,0.05,5,11663,11543,29,4,25,0.13793103448275862,0.0003465303647232089,0.0851063829787234,0.06382978723404255,0.003404255319148936,293750.0,25,25,0.0,434.48,334.0,434.48
PH,250,0.3,raw,,6,9116,9084,903,878,25,0.9723145071982281,0.09665345662703655,18.680851063829788,1.0,0.7472340425531915,1338.268792710706,25,25,0.0,109.92,82.0,109.92
PH,250,0.3,uncorrected,0.05,6,11281,11231,158,133,25,0.8417721518987342,0.011842222420087258,2.8297872340425534,0.723404255319149,0.11319148936170213,8834.586466165414,25,25,0.0,157.92,152.0,157.92
PH,250,0.3,bonferroni,0.05,6,11675,11593,25,0,25,0.0,0.0,0.0,0.0,0.0,inf,25,25,0.0,273.92,255.0,273.92
PH,250,0.3,bh_window,0.05,6,11672,11594,26,1,25,0.038461538461538464,8.625150940141452e-05,0.02127659574468085,0.02127659574468085,0.000851063829787234,1175000.0,25,25,0.0,257.92,251.0,257.92
PH,250,0.3,LOND,0.05,6,11685,11448,22,0,22,0.0,0.0,0.0,0.0,0.0,inf,25,22,0.12,708.7727272727273,460.5,893.92
PH,250,0.3,LORD++,0.05,6,11675,11574,25,0,25,0.0,0.0,0.0,0.0,0.0,inf,25,25,0.0,349.92,351.0,349.92
PH,250,0.3,SAFFRON,0.05,6,11678,11568,24,0,24,0.0,0.0,0.0,0.0,0.0,inf,25,24,0.040000000000000036,348.5416666666667,351.0,385.92
PH,250,0.3,alpha-investing,0.05,6,11750,11163,0,0,0,0.0,0.0,0.0,0.0,0.0,inf,25,0,1.0,,,2293.92
PH,250,0.3,raw,,7,8601,8555,1122,1097,25,0.9777183600713012,0.12822910578609,23.340425531914892,0.9574468085106383,0.9336170212765957,1071.1030082041932,25,25,0.0,258.36,177.0,258.36
PH,250,0.3,uncorrected,0.05,7,11108,11048,218,193,25,0.8853211009174312,0.017469225199131064,4.1063829787234045,0.7659574468085106,0.16425531914893618,6088.082901554404,25,25,0.0,218.36,119.0,218.36
PH,250,0.3,bonferroni,0.05,7,11675,11613,25,0,25,0.0,0.0,0.0,0.0,0.0,inf,25,25,0.0,202.36,197.0,202.36
PH,250,0.3,bh_window,0.05,7,11672,11613,26,1,25,0.038461538461538464,8.61103935244984e-05,0.02127659574468085,0.02127659574468085,0.000851063829787234,1175000.0,25,25,0.0,190.36,179.0,190.36
PH,250,0.3,LOND,0.05,7,11675,11569,25,0,25,0.0,0.0,0.0,0.0,0.0,inf,25,25,0.0,378.36,342.0,378.36
PH,250,0.3,LORD++,0.05,7,11675,11599,25,0,25,0.0,0.0,0.0,0.0,0.0,inf,25,25,0.0,258.36,271.0,258.36
PH,250,0.3,SAFFRON,0.05,7,11654,11580,32,7,25,0.21875,0.0006044905008635578,0.14893617021276595,0.10638297872340426,0.005957446808510639,167857.14285714287,25,25,0.0,250.36,252.0,250.36
PH,250,0.3,alpha-investing,0.05,7,11675,11508,25,0,25,0.0,0.0,0.0,0.0,0.0,inf,25,25,0.0,622.36,408.0,622.36
PH,100,0.0,raw,,0,3713,3699,346,336,10,0.9710982658959537,0.0908353609083536,7.148936170212766,1.0,0.7148936170212766,1398.8095238095239,10,10,0.0,84.0,91.0,84.0
PH,100,0.0,uncorrected,0.05,0,4504,4485,66,56,10,0.8484848484848485,0.012486064659977704,1.1914893617021276,0.6382978723404256,0.11914893617021277,8392.857142857143,10,10,0.0,134.0,119.0,134.0
PH,100,0.0,bonferroni,0.05,0,4670,4643,10,0,10,0.0,0.0,0.0,0.0,0.0,inf,10,10,0.0,214.0,215.0,214.0
PH,100,0.0,bh_window,0.05,0,4667,4641,11,1,10,0.09090909090909091,0.00021547080370609782,0.02127659574468085,0.02127659574468085,0.002127659574468085,470000.0,10,10,0.0,204.0,215.0,204.0
PH,100,0.0,LOND,0.05,0,4673,4604,9,0,9,0.0,0.0,0.0,0.0,0.0,inf,10,9,0.09999999999999998,324.77777777777777,315.0,634.0
PH,100,0.0,LORD++,0.05,0,4670,4624,10,0,10,0.0,0.0,0.0,0.0,0.0,inf,10,10,0.0,404.0,262.0,404.0
PH,100,0.0,SAFFRON,0.05,0,4670,4622,10,0,10,0.0,0.0,0.0,0.0,0.0,inf,10,10,0.0,424.0,311.0,424.0
PH,100,0.0,alpha-investing,0.05,0,4670,4616,10,0,10,0.0,0.0,0.0,0.0,0.0,inf,10,10,0.0,484.0,338.0,484.0
PH,250,0.3,raw,,8,8994,8959,949,924,25,0.9736564805057956,0.10313651077129143,19.659574468085108,1.0,0.7863829787234042,1271.6450216450216,25,25,0.0,168.96,118.0,168.96
PH,250,0.3,uncorrected,0.05,8,11311,11264,148,123,25,0.831081081081081,0.010919744318181818,2.617021276595745,0.7446808510638298,0.1046808510638298,9552.845528455284,25,25,0.0,136.96,132.0,136.96
PH,250,0.3,bonferroni,0.05,8,11675,11596,25,0,25,0.0,0.0,0.0,0.0,0.0,inf,25,25,0.0,260.96,259.0,260.96
PH,250,0.3,bh_window,0.05,8,11672,11598,26,1,25,0.038461538461538464,8.62217623728229e-05,0.02127659574468085,0.02127659574468085,0.000851063829787234,1175000.0,25,25,0.0,240.96,243.0,240.96
PH,250,0.3,LOND,0.05,8,11681,11504,23,0,23,0.0,0.0,0.0,0.0,0.0,inf,25,23,0.07999999999999996,576.304347826087,410.0,652.96
PH,250,0.3,LORD++,0.05,8,11678,11562,24,0,24,0.0,0.0,0.0,0.0,0.0,inf,25,24,0.040000000000000036,380.7083333333333,331.0,408.96
PH,250,0.3,SAFFRON,0.05,8,11678,11563,24,0,24,0.0,0.0,0.0,0.0,0.0,inf,25,24,0.040000000000000036,376.5416666666667,324.0,404.96
PH,250,0.3,alpha-investing,0.05,8,11675,11411,25,1,24,0.04,8.763473841030585e-05,0.02127659574468085,0.02127659574468085,0.000851063829787234,1175000.0,25,24,0.040000000000000036,997.375,915.5,1000.96
PH,250,0.3,raw,,9,9545,9502,750,726,24,0.968,0.07640496737528941,15.446808510638299,1.0,0.617872340425532,1618.457300275482,25,24,0.040000000000000036,90.79166666666667,89.5,134.84
PH,250,0.3,uncorrected,0.05,9,11474,11426,92,67,25,0.7282608695652174,0.005863819359355855,1.425531914893617,0.44680851063829785,0.05702127659574468,17537.31343283582,25,25,0.0,130.84,121.0,130.84
PH,250,0.3,bonferroni,0.05,9,11675,11591,25,0,25,0.0,0.0,0.0,0.0,0.0,inf,25,25,0.0,274.84,248.0,274.84
PH,250,0.3,bh_window,0.05,9,11675,11599,25,0,25,0.0,0.0,0.0,0.0,0.0,inf,25,25,0.0,242.84,248.0,242.84
PH,250,0.3,LOND,0.05,9,11678,11436,24,0,24,0.0,0.0,0.0,0.0,0.0,inf,25,24,0.040000000000000036,859.9583333333334,432.5,906.84
PH,250,0.3,LORD++,0.05,9,11675,11562,25,0,25,0.0,0.0,0.0,0.0,0.0,inf,25,25,0.0,390.84,338.0,390.84
PH,250,0.3,SAFFRON,0.05,9,11654,11352,32,7,25,0.21875,0.0006166314305849189,0.14893617021276595,0.02127659574468085,0.005957446808510639,167857.14285714287,25,25,0.0,1146.84,1032.0,1146.84
PH,250,0.3,alpha-investing,0.05,9,11666,11343,28,3,25,0.10714285714285714,0.0002644802962179318,0.06382978723404255,0.0425531914893617,0.002553191489361702,391666.6666666667,25,25,0.0,1230.84,1132.0,1230.84
PH,100,0.0,raw,,1,3632,3617,366,356,10,0.9726775956284153,0.0984241083771081,7.574468085106383,1.0,0.7574468085106383,1320.2247191011236,10,10,0.0,96.9,98.5,96.9
PH,100,0.0,uncorrected,0.05,1,4535,4513,55,45,10,0.8181818181818182,0.009971194327498338,0.9574468085106383,0.5531914893617021,0.09574468085106383,10444.444444444445,10,10,0.0,166.9,163.0,166.9
PH,100,0.0,bonferroni,0.05,1,4664,4634,12,2,10,0.16666666666666666,0.00043159257660768235,0.0425531914893617,0.0425531914893617,0.00425531914893617,235000.0,10,10,0.0,246.9,262.0,246.9
PH,100,0.0,bh_window,0.05,1,4658,4631,14,4,10,0.2857142857142857,0.0008637443316778234,0.0851063829787234,0.0425531914893617,0.00851063829787234,117500.0,10,10,0.0,216.9,210.0,216.9
PH,100,0.0,LOND,0.05,1,4670,4624,10,0,10,0.0,0.0,0.0,0.0,0.0,inf,10,10,0.0,406.9,356.5,406.9
PH,100,0.0,LORD++,0.05,1,4667,4608,11,1,10,0.09090909090909091,0.00021701388888888888,0.02127659574468085,0.02127659574468085,0.002127659574468085,470000.0,10,10,0.0,536.9,286.0,536.9
PH,100,0.0,SAFFRON,0.05,1,4667,4605,11,1,10,0.09090909090909091,0.00021715526601520088,0.02127659574468085,0.02127659574468085,0.002127659574468085,470000.0,10,10,0.0,566.9,323.0,566.9
PH,100,0.0,alpha-investing,0.05,1,4667,4546,11,1,10,0.09090909090909091,0.0002199736031676199,0.02127659574468085,0.02127659574468085,0.002127659574468085,470000.0,10,10,0.0,1156.9,986.0,1156.9
PH,100,0.0,raw,,2,3593,3580,378,368,10,0.9735449735449735,0.10279329608938548,7.829787234042553,1.0,0.7829787234042553,1277.1739130434783,10,10,0.0,97.8,111.5,97.8
PH,100,0.0,uncorrected,0.05,2,4538,4519,55,45,10,0.8181818181818182,0.009957955299845098,0.9574468085106383,0.5531914893617021,0.09574468085106383,10444.444444444445,10,10,0.0,127.8,131.5,127.8
PH,100,0.0,bonferroni,0.05,2,4667,4635,11,1,10,0.09090909090909091,0.0002157497303128371,0.02127659574468085,0.02127659574468085,0.002127659574468085,470000.0,10,10,0.0,257.8,232.0,257.8
PH,100,0.0,bh_window,0.05,2,4667,4637,11,1,10,0.09090909090909091,0.00021565667457407807,0.02127659574468085,0.02127659574468085,0.002127659574468085,470000.0,10,10,0.0,237.8,223.0,237.8
PH,100,0.0,LOND,0.05,2,4673,4595,9,0,9,0.0,0.0,0.0,0.0,0.0,inf,10,9,0.09999999999999998,450.3333333333333,350.0,717.8
PH,100,0.0,LORD++,0.05,2,4673,4606,9,0,9,0.0,0.0,0.0,0.0,0.0,inf,10,9,0.09999999999999998,328.1111111111111,336.0,607.8
PH,100,0.0,SAFFRON,0.05,2,4673,4602,9,0,9,0.0,0.0,0.0,0.0,0.0,inf,10,9,0.09999999999999998,372.55555555555554,357.0,647.8
PH,100,0.0,alpha-investing,0.05,2,4670,4543,10,1,9,0.1,0.00022011886418666079,0.02127659574468085,0.02127659574468085,0.002127659574468085,470000.0,10,9,0.09999999999999998,994.7777777777778,857.0,1207.8
PH,100,0.0,raw,,4,3610,3596,372,362,10,0.9731182795698925,0.10066740823136819,7.702127659574468,1.0,0.7702127659574468,1298.342541436464,10,10,0.0,104.8,82.5,104.8
PH,100,0.0,uncorrected,0.05,4,4496,4478,71,61,10,0.8591549295774648,0.013622152746761948,1.297872340425532,0.7021276595744681,0.12978723404255318,7704.918032786885,10,10,0.0,124.8,136.5,124.8
PH,100,0.0,bonferroni,0.05,4,4670,4645,10,0,10,0.0,0.0,0.0,0.0,0.0,inf,10,10,0.0,194.8,191.5,194.8
PH,100,0.0,bh_window,0.05,4,4667,4642,11,1,10,0.09090909090909091,0.00021542438604049978,0.02127659574468085,0.02127659574468085,0.002127659574468085,470000.0,10,10,0.0,194.8,191.5,194.8
PH,100,0.0,LOND,0.05,4,4673,4615,10,0,10,0.0,0.0,0.0,0.0,0.0,inf,10,10,0.0,524.8,302.0,524.8
PH,100,0.0,LORD++,0.05,4,4670,4635,10,0,10,0.0,0.0,0.0,0.0,0.0,inf,10,10,0.0,294.8,291.5,294.8
PH,100,0.0,SAFFRON,0.05,4,4670,4635,10,0,10,0.0,0.0,0.0,0.0,0.0,inf,10,10,0.0,294.8,250.0,294.8
PH,100,0.0,alpha-investing,0.05,4,4673,4596,9,0,9,0.0,0.0,0.0,0.0,0.0,inf,10,9,0.09999999999999998,673.2222222222222,624.0,714.8
PH,100,0.0,raw,,3,3738,3723,328,318,10,0.9695121951219512,0.0854149879129734,6.76595744680851,1.0,0.676595744680851,1477.9874213836479,10,10,0.0,120.9,115.5,120.9
PH,100,0.0,uncorrected,0.05,3,4523,4503,60,50,10,0.8333333333333334,0.01110370863868532,1.0638297872340425,0.5957446808510638,0.10638297872340426,9400.0,10,10,0.0,140.9,129.0,140.9
PH,100,0.0,bonferroni,0.05,3,4670,4639,10,0,10,0.0,0.0,0.0,0.0,0.0,inf,10,10,0.0,250.9,234.5,250.9
PH,100,0.0,bh_window,0.05,3,4670,4641,10,0,10,0.0,0.0,0.0,0.0,0.0,inf,10,10,0.0,230.9,229.0,230.9
PH,100,0.0,LOND,0.05,3,4673,4599,9,0,9,0.0,0.0,0.0,0.0,0.0,inf,10,9,0.09999999999999998,493.22222222222223,324.0,680.9
PH,100,0.0,LORD++,0.05,3,4670,4629,10,0,10,0.0,0.0,0.0,0.0,0.0,inf,10,10,0.0,350.9,336.0,350.9
PH,100,0.0,SAFFRON,0.05,3,4670,4624,10,0,10,0.0,0.0,0.0,0.0,0.0,inf,10,10,0.0,400.9,360.0,400.9
PH,100,0.0,alpha-investing,0.05,3,4670,4489,10,0,10,0.0,0.0,0.0,0.0,0.0,inf,10,10,0.0,1750.9,1797.0,1750.9
PH,100,0.0,raw,,5,3615,3601,376,366,10,0.973404255319149,0.10163843376839767,7.787234042553192,1.0,0.7787234042553192,1284.1530054644809,10,10,0.0,120.6,113.5,120.6
PH,100,0.0,uncorrected,0.05,5,4500,4483,69,59,10,0.855072463768116,0.013160829801472228,1.2553191489361701,0.723404255319149,0.125531914893617,7966.1016949152545,10,10,0.0,130.6,119.5,130.6
PH,100,0.0,bonferroni,0.05,5,4667,4638,11,1,10,0.09090909090909091,0.00021561017680034498,0.02127659574468085,0.02127659574468085,0.002127659574468085,470000.0,10,10,0.0,230.6,213.5,230.6
PH,100,0.0,bh_window,0.05,5,4664,4635,12,2,10,0.16666666666666666,0.0004314994606256742,0.0425531914893617,0.0425531914893617,0.00425531914893617,235000.0,10,10,0.0,230.6,213.5,230.6
PH,100,0.0,LOND,0.05,5,4679,4591,7,0,7,0.0,0.0,0.0,0.0,0.0,inf,10,7,0.30000000000000004,382.0,403.0,820.6
PH,100,0.0,LORD++,0.05,5,4670,4623,10,0,10,0.0,0.0,0.0,0.0,0.0,inf,10,10,0.0,410.6,335.0,410.6
PH,100,0.0,SAFFRON,0.05,5,4667,4616,11,1,10,0.09090909090909091,0.0002166377816291161,0.02127659574468085,0.02127659574468085,0.002127659574468085,470000.0,10,10,0.0,450.6,408.5,450.6
PH,100,0.0,alpha-investing,0.05,5,4670,4591,10,0,10,0.0,0.0,0.0,0.0,0.0,inf,10,10,0.0,730.6,818.5,730.6
PH,250,0.3,raw,,1,8593,8566,1054,1029,25,0.976280834914611,0.12012607985057203,21.893617021276597,0.9574468085106383,0.8757446808510638,1141.8853255587949,25,25,0.0,125.24,88.0,125.24
PH,250,0.3,uncorrected,0.05,1,10836,10773,305,281,24,0.921311475409836,0.0260837278381138,5.9787234042553195,0.7446808510638298,0.23914893617021277,4181.494661921708,25,24,0.040000000000000036,126.33333333333333,107.5,245.24
PH,250,0.3,bonferroni,0.05,1,11624,11571,42,17,25,0.40476190476190477,0.0014691902169216143,0.3617021276595745,0.2553191489361702,0.01446808510638298,69117.64705882352,25,25,0.0,169.24,168.0,169.24
PH,250,0.3,bh_window,0.05,1,11450,11394,100,75,25,0.75,0.006582411795681938,1.5957446808510638,0.1702127659574468,0.06382978723404255,15666.666666666666,25,25,0.0,181.24,170.0,181.24
PH,250,0.3,LOND,0.05,1,11675,11595,25,0,25,0.0,0.0,0.0,0.0,0.0,inf,25,25,0.0,277.24,242.0,277.24
PH,250,0.3,LORD++,0.05,1,11624,11560,42,17,25,0.40476190476190477,0.0014705882352941176,0.3617021276595745,0.10638297872340426,0.01446808510638298,69117.64705882352,25,25,0.0,213.24,194.0,213.24
PH,250,0.3,SAFFRON,0.05,1,11132,11025,206,182,24,0.883495145631068,0.01650793650793651,3.872340425531915,0.0425531914893617,0.1548936170212766,6456.043956043956,25,24,0.040000000000000036,306.7916666666667,263.5,405.24
PH,250,0.3,alpha-investing,0.05,1,6412,6373,2000,1975,25,0.9875,0.3099011454573984,42.02127659574468,0.3404255319148936,1.6808510638297873,594.9367088607595,25,25,0.0,237.24,276.0,237.24
PH,100,0.0,raw,,6,3713,3703,340,330,10,0.9705882352941176,0.08911693221712125,7.0212765957446805,1.0,0.7021276595744681,1424.2424242424242,10,10,0.0,90.7,76.5,90.7
PH,100,0.0,uncorrected,0.05,6,4553,4536,50,40,10,0.8,0.008818342151675485,0.851063829787234,0.574468085106383,0.0851063829787234,11750.0,10,10,0.0,140.7,146.5,140.7
PH,100,0.0,bonferroni,0.05,6,4670,4643,10,0,10,0.0,0.0,0.0,0.0,0.0,inf,10,10,0.0,240.7,245.0,240.7
PH,100,0.0,bh_window,0.05,6,4670,4644,10,0,10,0.0,0.0,0.0,0.0,0.0,inf,10,10,0.0,230.7,211.0,230.7
PH,100,0.0,LOND,0.05,6,4682,4551,6,0,6,0.0,0.0,0.0,0.0,0.0,inf,10,6,0.4,375.0,335.5,1280.7
PH,100,0.0,LORD++,0.05,6,4670,4564,10,0,10,0.0,0.0,0.0,0.0,0.0,inf,10,10,0.0,1030.7,671.0,1030.7
PH,100,0.0,SAFFRON,0.05,6,4667,4563,11,1,10,0.09090909090909091,0.00021915406530791147,0.02127659574468085,0.02127659574468085,0.002127659574468085,470000.0,10,10,0.0,1010.7,671.0,1010.7
PH,100,0.0,alpha-investing,0.05,6,4670,4559,10,0,10,0.0,0.0,0.0,0.0,0.0,inf,10,10,0.0,1080.7,721.0,1080.7
PH,100,0.0,raw,,7,3640,3626,365,355,10,0.9726027397260274,0.09790402647545504,7.553191489361702,1.0,0.7553191489361702,1323.943661971831,10,10,0.0,156.5,117.5,156.5
PH,100,0.0,uncorrected,0.05,7,4523,4507,59,49,10,0.8305084745762712,0.01087197692478367,1.0425531914893618,0.6170212765957447,0.10425531914893617,9591.836734693878,10,10,0.0,96.5,103.0,96.5
PH,100,0.0,bonferroni,0.05,7,4670,4646,10,0,10,0.0,0.0,0.0,0.0,0.0,inf,10,10,0.0,176.5,175.5,176.5
PH,100,0.0,bh_window,0.05,7,4670,4648,10,0,10,0.0,0.0,0.0,0.0,0.0,inf,10,10,0.0,156.5,154.5,156.5
PH,100,0.0,LOND,0.05,7,4673,4623,9,0,9,0.0,0.0,0.0,0.0,0.0,inf,10,9,0.09999999999999998,322.8888888888889,304.0,436.5
PH,100,0.0,LORD++,0.05,7,4671,4629,10,0,10,0.0,0.0,0.0,0.0,0.0,inf,10,10,0.0,356.5,272.5,356.5
PH,100,0.0,SAFFRON,0.05,7,4676,4624,8,0,8,0.0,0.0,0.0,0.0,0.0,inf,10,8,0.19999999999999996,260.25,265.5,456.5
PH,100,0.0,alpha-investing,0.05,7,4676,4617,8,0,8,0.0,0.0,0.0,0.0,0.0,inf,10,8,0.19999999999999996,347.75,344.5,526.5
PH,100,0.0,raw,,8,3611,3599,373,363,10,0.9731903485254692,0.1008613503751042,7.723404255319149,1.0,0.7723404255319148,1294.7658402203856,10,10,0.0,100.6,87.5,100.6
PH,100,0.0,uncorrected,0.05,8,4541,4525,53,43,10,0.8113207547169812,0.009502762430939227,0.9148936170212766,0.46808510638297873,0.09148936170212765,10930.232558139534,10,10,0.0,110.6,105.5,110.6
PH,100,0.0,bonferroni,0.05,8,4670,4643,10,0,10,0.0,0.0,0.0,0.0,0.0,inf,10,10,0.0,210.6,204.0,210.6
PH,100,0.0,bh_window,0.05,8,4670,4643,10,0,10,0.0,0.0,0.0,0.0,0.0,inf,10,10,0.0,210.6,204.0,210.6
PH,100,0.0,LOND,0.05,8,4671,4588,10,0,10,0.0,0.0,0.0,0.0,0.0,inf,10,10,0.0,770.6,518.0,770.6
PH,100,0.0,LORD++,0.05,8,4670,4627,10,0,10,0.0,0.0,0.0,0.0,0.0,inf,10,10,0.0,370.6,300.0,370.6
PH,100,0.0,SAFFRON,0.05,8,4670,4624,10,0,10,0.0,0.0,0.0,0.0,0.0,inf,10,10,0.0,400.6,360.5,400.6
PH,100,0.0,alpha-investing,0.05,8,4670,4599,10,0,10,0.0,0.0,0.0,0.0,0.0,inf,10,10,0.0,650.6,408.5,650.6
PH,100,0.0,raw,,9,3560,3547,390,380,10,0.9743589743589743,0.10713278827177897,8.085106382978724,1.0,0.8085106382978723,1236.842105263158,10,10,0.0,103.4,87.0,103.4
PH,100,0.0,uncorrected,0.05,9,4504,4487,66,56,10,0.8484848484848485,0.0124804992199688,1.1914893617021276,0.6382978723404256,0.11914893617021277,8392.857142857143,10,10,0.0,113.4,120.0,113.4
PH,100,0.0,bonferroni,0.05,9,4667,4641,11,1,10,0.09090909090909091,0.00021547080370609782,0.02127659574468085,0.02127659574468085,0.002127659574468085,470000.0,10,10,0.0,203.4,211.5,203.4
PH,100,0.0,bh_window,0.05,9,4667,4641,11,1,10,0.09090909090909091,0.00021547080370609782,0.02127659574468085,0.02127659574468085,0.002127659574468085,470000.0,10,10,0.0,203.4,211.5,203.4
PH,100,0.0,LOND,0.05,9,4670,4616,10,0,10,0.0,0.0,0.0,0.0,0.0,inf,10,10,0.0,483.4,420.0,483.4
PH,100,0.0,LORD++,0.05,9,4670,4621,10,0,10,0.0,0.0,0.0,0.0,0.0,inf,10,10,0.0,433.4,396.5,433.4
PH,100,0.0,SAFFRON,0.05,9,4667,4591,11,1,10,0.09090909090909091,0.00021781746896101068,0.02127659574468085,0.02127659574468085,0.002127659574468085,470000.0,10,10,0.0,703.4,465.5,703.4
PH,100,0.0,alpha-investing,0.05,9,4667,4571,11,2,9,0.18181818181818182,0.0004375410194705754,0.0425531914893617,0.0425531914893617,0.00425531914893617,235000.0,10,9,0.09999999999999998,845.5555555555555,607.0,903.4
PH,100,0.3,raw,,0,3650,3636,365,355,10,0.9726027397260274,0.09763476347634764,7.553191489361702,0.9148936170212766,0.7553191489361702,1323.943661971831,10,10,0.0,104.0,97.5,104.0
PH,100,0.3,uncorrected,0.05,0,4549,4532,52,42,10,0.8076923076923077,0.009267431597528684,0.8936170212765957,0.425531914893617,0.08936170212765958,11190.47619047619,10,10,0.0,124.0,115.0,124.0
PH,100,0.3,bonferroni,0.05,0,4670,4641,10,0,10,0.0,0.0,0.0,0.0,0.0,inf,10,10,0.0,234.0,219.0,234.0
PH,100,0.3,bh_window,0.05,0,4670,4641,10,0,10,0.0,0.0,0.0,0.0,0.0,inf,10,10,0.0,234.0,219.0,234.0
PH,100,0.3,LOND,0.05,0,4673,4600,9,0,9,0.0,0.0,0.0,0.0,0.0,inf,10,9,0.09999999999999998,369.22222222222223,361.0,674.0
PH,100,0.3,LORD++,0.05,0,4670,4615,10,0,10,0.0,0.0,0.0,0.0,0.0,inf,10,10,0.0,494.0,338.0,494.0
PH,100,0.3,SAFFRON,0.05,0,4670,4627,10,0,10,0.0,0.0,0.0,0.0,0.0,inf,10,10,0.0,374.0,309.0,374.0
PH,100,0.3,alpha-investing,0.05,0,4670,4602,10,0,10,0.0,0.0,0.0,0.0,0.0,inf,10,10,0.0,624.0,474.5,624.0
PH,100,0.3,raw,,1,3552,3537,383,373,10,0.9738903394255874,0.10545660163980775,7.9361702127659575,0.8723404255319149,0.7936170212765957,1260.053619302949,10,10,0.0,156.9,133.0,156.9
PH,100,0.3,uncorrected,0.05,1,4376,4358,108,98,10,0.9074074074074074,0.022487379531895366,2.0851063829787235,0.574468085106383,0.20851063829787234,4795.918367346939,10,10,0.0,126.9,124.5,126.9
PH,100,0.3,bonferroni,0.05,1,4652,4627,16,6,10,0.375,0.0012967365463583316,0.1276595744680851,0.06382978723404255,0.01276595744680851,78333.33333333333,10,10,0.0,196.9,204.0,196.9
PH,100,0.3,bh_window,0.05,1,4628,4605,24,14,10,0.5833333333333334,0.0030401737242128123,0.2978723404255319,0.0851063829787234,0.029787234042553193,33571.42857142857,10,10,0.0,176.9,172.5,176.9
PH,100,0.3,LOND,0.05,1,4670,4634,10,0,10,0.0,0.0,0.0,0.0,0.0,inf,10,10,0.0,306.9,304.0,306.9
PH,100,0.3,LORD++,0.05,1,4667,4636,11,1,10,0.09090909090909091,0.00021570319240724764,0.02127659574468085,0.02127659574468085,0.002127659574468085,470000.0,10,10,0.0,256.9,256.0,256.9
PH,100,0.3,SAFFRON,0.05,1,4562,4527,46,36,10,0.782608695652174,0.007952286282306162,0.7659574468085106,0.0425531914893617,0.07659574468085106,13055.555555555555,10,10,0.0,296.9,272.5,296.9
PH,100,0.3,alpha-investing,0.05,1,4655,4618,15,5,10,0.3333333333333333,0.0010827197921178,0.10638297872340426,0.0425531914893617,0.010638297872340425,94000.0,10,10,0.0,316.9,296.5,316.9
PH,100,0.3,raw,,3,3781,3765,312,302,10,0.967948717948718,0.0802124833997344,6.425531914893617,0.9148936170212766,0.6425531914893617,1556.291390728477,10,10,0.0,130.9,123.0,130.9
PH,100,0.3,uncorrected,0.05,3,4592,4571,36,26,10,0.7222222222222222,0.0056880332531174796,0.5531914893617021,0.3191489361702128,0.05531914893617021,18076.923076923078,10,10,0.0,150.9,134.5,150.9
PH,100,0.3,bonferroni,0.05,3,4670,4638,10,0,10,0.0,0.0,0.0,0.0,0.0,inf,10,10,0.0,260.9,251.5,260.9
PH,100,0.3,bh_window,0.05,3,4670,4639,10,0,10,0.0,0.0,0.0,0.0,0.0,inf,10,10,0.0,250.9,251.5,250.9
PH,100,0.3,LOND,0.05,3,4682,4558,6,0,6,0.0,0.0,0.0,0.0,0.0,inf,10,6,0.4,440.0,412.5,1180.9
PH,100,0.3,LORD++,0.05,3,4673,4623,10,0,10,0.0,0.0,0.0,0.0,0.0,inf,10,10,0.0,440.9,393.0,440.9
PH,100,0.3,SAFFRON,0.05,3,4673,4589,9,0,9,0.0,0.0,0.0,0.0,0.0,inf,10,9,0.09999999999999998,725.3333333333334,722.0,780.9
PH,100,0.3,alpha-investing,0.05,3,4670,4586,10,1,9,0.1,0.00021805494984736154,0.02127659574468085,0.02127659574468085,0.002127659574468085,470000.0,10,9,0.09999999999999998,725.3333333333334,722.0,780.9
PH,100,0.3,raw,,4,3735,3722,327,317,10,0.9694189602446484,0.08516926383664697,6.74468085106383,0.9574468085106383,0.674468085106383,1482.6498422712934,10,10,0.0,94.8,73.0,94.8
PH,100,0.3,uncorrected,0.05,4,4556,4538,50,40,10,0.8,0.00881445570736007,0.851063829787234,0.48936170212765956,0.0851063829787234,11750.0,10,10,0.0,124.8,136.5,124.8
PH,100,0.3,bonferroni,0.05,4,4670,4641,10,0,10,0.0,0.0,0.0,0.0,0.0,inf,10,10,0.0,234.8,248.5,234.8
PH,100,0.3,bh_window,0.05,4,4670,4641,10,0,10,0.0,0.0,0.0,0.0,0.0,inf,10,10,0.0,234.8,248.5,234.8
PH,100,0.3,LOND,0.05,4,4673,4610,9,0,9,0.0,0.0,0.0,0.0,0.0,inf,10,9,0.09999999999999998,517.6666666666666,308.0,574.8
PH,100,0.3,LORD++,0.05,4,4670,4626,10,0,10,0.0,0.0,0.0,0.0,0.0,inf,10,10,0.0,384.8,256.0,384.8
PH,100,0.3,SAFFRON,0.05,4,4670,4622,10,0,10,0.0,0.0,0.0,0.0,0.0,inf,10,10,0.0,424.8,300.0,424.8
PH,100,0.3,alpha-investing,0.05,4,4673,4611,9,0,9,0.0,0.0,0.0,0.0,0.0,inf,10,9,0.09999999999999998,506.55555555555554,357.0,564.8
PH,100,0.3,raw,,2,3608,3595,398,388,10,0.9748743718592965,0.10792767732962448,8.25531914893617,0.8936170212765957,0.825531914893617,1211.340206185567,10,10,0.0,117.8,111.5,117.8
PH,100,0.3,uncorrected,0.05,2,4499,4481,73,63,10,0.863013698630137,0.014059361749609462,1.3404255319148937,0.6170212765957447,0.13404255319148936,7460.31746031746,10,10,0.0,147.8,131.5,147.8
PH,100,0.3,bonferroni,0.05,2,4667,4642,11,1,10,0.09090909090909091,0.00021542438604049978,0.02127659574468085,0.02127659574468085,0.002127659574468085,470000.0,10,10,0.0,187.8,199.5,187.8
PH,100,0.3,bh_window,0.05,2,4667,4643,11,1,10,0.09090909090909091,0.00021537798836958864,0.02127659574468085,0.02127659574468085,0.002127659574468085,470000.0,10,10,0.0,177.8,176.0,177.8
PH,100,0.3,LOND,0.05,2,4670,4632,10,0,10,0.0,0.0,0.0,0.0,0.0,inf,10,10,0.0,317.8,323.5,317.8
PH,100,0.3,LORD++,0.05,2,4670,4636,10,0,10,0.0,0.0,0.0,0.0,0.0,inf,10,10,0.0,277.8,247.0,277.8
PH,100,0.3,SAFFRON,0.05,2,4667,4631,11,1,10,0.09090909090909091,0.00021593608291945585,0.02127659574468085,0.02127659574468085,0.002127659574468085,470000.0,10,10,0.0,297.8,247.0,297.8
PH,100,0.3,alpha-investing,0.05,2,4670,4602,10,0,10,0.0,0.0,0.0,0.0,0.0,inf,10,10,0.0,617.8,366.0,617.8
PH,100,0.3,raw,,6,3717,3706,337,327,10,0.9703264094955489,0.08823529411764706,6.957446808510638,0.9574468085106383,0.6957446808510638,1437.308868501529,10,10,0.0,80.7,76.5,80.7
PH,100,0.3,uncorrected,0.05,6,4586,4570,39,29,10,0.7435897435897436,0.006345733041575492,0.6170212765957447,0.2978723404255319,0.06170212765957447,16206.896551724138,10,10,0.0,130.7,145.0,130.7
PH,100,0.3,bonferroni,0.05,6,4670,4644,10,0,10,0.0,0.0,0.0,0.0,0.0,inf,10,10,0.0,230.7,211.0,230.7
PH,100,0.3,bh_window,0.05,6,4670,4644,10,0,10,0.0,0.0,0.0,0.0,0.0,inf,10,10,0.0,230.7,211.0,230.7
PH,100,0.3,LOND,0.05,6,4679,4556,7,0,7,0.0,0.0,0.0,0.0,0.0,inf,10,7,0.30000000000000004,486.7142857142857,286.0,1200.7
PH,100,0.3,LORD++,0.05,6,4670,4566,10,0,10,0.0,0.0,0.0,0.0,0.0,inf,10,10,0.0,1010.7,621.5,1010.7
PH,100,0.3,SAFFRON,0.05,6,4658,4553,14,4,10,0.2857142857142857,0.0008785416209092906,0.0851063829787234,0.02127659574468085,0.00851063829787234,117500.0,10,10,0.0,1020.7,671.0,1020.7
PH,100,0.3,alpha-investing,0.05,6,4670,4554,10,0,10,0.0,0.0,0.0,0.0,0.0,inf,10,10,0.0,1130.7,771.5,1130.7
PH,100,0.3,raw,,8,3660,3647,355,345,10,0.971830985915493,0.09459829997258021,7.340425531914893,0.9574468085106383,0.7340425531914894,1362.3188405797102,10,10,0.0,90.6,100.0,90.6
PH,100,0.3,uncorrected,0.05,8,4535,4517,55,45,10,0.8181818181818182,0.009962364401151207,0.9574468085106383,0.44680851063829785,0.09574468085106383,10444.444444444445,10,10,0.0,120.6,111.0,120.6
PH,100,0.3,bonferroni,0.05,8,4670,4644,10,0,10,0.0,0.0,0.0,0.0,0.0,inf,10,10,0.0,200.6,204.0,200.6
PH,100,0.3,bh_window,0.05,8,4670,4644,10,0,10,0.0,0.0,0.0,0.0,0.0,inf,10,10,0.0,200.6,204.0,200.6
PH,100,0.3,LOND,0.05,8,4673,4611,9,0,9,0.0,0.0,0.0,0.0,0.0,inf,10,9,0.09999999999999998,469.77777777777777,316.0,560.6
PH,100,0.3,LORD++,0.05,8,4670,4632,10,0,10,0.0,0.0,0.0,0.0,0.0,inf,10,10,0.0,320.6,305.5,320.6
PH,100,0.3,SAFFRON,0.05,8,4670,4600,10,0,10,0.0,0.0,0.0,0.0,0.0,inf,10,10,0.0,640.6,632.0,640.6
PH,100,0.3,alpha-investing,0.05,8,4670,4546,10,0,10,0.0,0.0,0.0,0.0,0.0,inf,10,10,0.0,1180.6,1301.5,1180.6
PH,100,0.3,raw,,5,3542,3527,391,381,10,0.9744245524296675,0.1080238162744542,8.106382978723405,0.9787234042553191,0.8106382978723404,1233.5958005249345,10,10,0.0,90.6,99.0,90.6
PH,100,0.3,uncorrected,0.05,5,4364,4345,112,102,10,0.9107142857142857,0.023475258918296892,2.1702127659574466,0.7446808510638298,0.2170212765957447,4607.843137254902,10,10,0.0,130.6,124.0,130.6
PH,100,0.3,bonferroni,0.05,5,4661,4635,13,3,10,0.23076923076923078,0.0006472491909385113,0.06382978723404255,0.06382978723404255,0.006382978723404255,156666.66666666666,10,10,0.0,200.6,199.0,200.6
PH,100,0.3,bh_window,0.05,5,4661,4635,13,3,10,0.23076923076923078,0.0006472491909385113,0.06382978723404255,0.06382978723404255,0.006382978723404255,156666.66666666666,10,10,0.0,200.6,199.0,200.6
PH,100,0.3,LOND,0.05,5,4670,4627,10,0,10,0.0,0.0,0.0,0.0,0.0,inf,10,10,0.0,370.6,314.0,370.6
PH,100,0.3,LORD++,0.05,5,4664,4628,12,2,10,0.16666666666666666,0.000432152117545376,0.0425531914893617,0.0425531914893617,0.00425531914893617,235000.0,10,10,0.0,300.6,280.0,300.6
PH,100,0.3,SAFFRON,0.05,5,4478,4451,74,64,10,0.8648648648648649,0.014378791282857784,1.3617021276595744,0.10638297872340426,0.13617021276595745,7343.75,10,10,0.0,210.6,218.0,210.6
PH,100,0.3,alpha-investing,0.05,5,4661,4600,13,3,10,0.23076923076923078,0.0006521739130434783,0.06382978723404255,0.0425531914893617,0.006382978723404255,156666.66666666666,10,10,0.0,550.6,435.0,550.6
PH,100,0.3,raw,,7,3287,3274,500,490,10,0.98,0.14966401954795358,10.425531914893616,0.9787234042553191,1.0425531914893618,959.1836734693877,10,10,0.0,146.5,116.5,146.5
PH,100,0.3,uncorrected,0.05,7,4313,4295,129,119,10,0.9224806201550387,0.02770663562281723,2.5319148936170213,0.5957446808510638,0.2531914893617021,3949.5798319327732,10,10,0.0,176.5,137.0,176.5
PH,100,0.3,bonferroni,0.05,7,4658,4636,14,4,10,0.2857142857142857,0.0008628127696289905,0.0851063829787234,0.0851063829787234,0.00851063829787234,117500.0,10,10,0.0,156.5,152.5,156.5
PH,100,0.3,bh_window,0.05,7,4607,4586,31,21,10,0.6774193548387096,0.004579153946794592,0.44680851063829785,0.1702127659574468,0.04468085106382979,22380.95238095238,10,10,0.0,146.5,138.5,146.5
PH,100,0.3,LOND,0.05,7,4672,4633,10,0,10,0.0,0.0,0.0,0.0,0.0,inf,10,10,0.0,326.5,275.5,326.5
PH,100,0.3,LORD++,0.05,7,4664,4633,12,2,10,0.16666666666666666,0.0004316857327865314,0.0425531914893617,0.0425531914893617,0.00425531914893617,235000.0,10,10,0.0,246.5,244.5,246.5
PH,100,0.3,SAFFRON,0.05,7,4631,4583,23,14,9,0.6086956521739131,0.0030547676194632336,0.2978723404255319,0.0851063829787234,0.029787234042553193,33571.42857142857,10,9,0.09999999999999998,226.0,243.0,436.5
PH,100,0.3,alpha-investing,0.05,7,4670,4615,10,2,8,0.2,0.0004333694474539545,0.0425531914893617,0.0425531914893617,0.00425531914893617,235000.0,10,8,0.19999999999999996,297.75,267.0,486.5
PH,50,0.0,raw,,0,1835,1830,181,176,5,0.9723756906077348,0.09617486338797815,3.74468085106383,0.9787234042553191,0.7489361702127659,1335.2272727272727,5,5,0.0,77.6,77.0,77.6
PH,50,0.0,uncorrected,0.05,0,2272,2266,26,21,5,0.8076923076923077,0.009267431597528684,0.44680851063829785,0.2978723404255319,0.08936170212765958,11190.47619047619,5,5,0.0,77.6,77.0,77.6
PH,50,0.0,bonferroni,0.05,0,2335,2324,5,0,5,0.0,0.0,0.0,0.0,0.0,inf,5,5,0.0,177.6,184.0,177.6
PH,50,0.0,bh_window,0.05,0,2335,2324,5,0,5,0.0,0.0,0.0,0.0,0.0,inf,5,5,0.0,177.6,184.0,177.6
PH,50,0.0,LOND,0.05,0,2335,2316,5,0,5,0.0,0.0,0.0,0.0,0.0,inf,5,5,0.0,337.6,319.0,337.6
PH,50,0.0,LORD++,0.05,0,2335,2320,5,0,5,0.0,0.0,0.0,0.0,0.0,inf,5,5,0.0,257.6,219.0,257.6
PH,50,0.0,SAFFRON,0.05,0,2335,2320,5,0,5,0.0,0.0,0.0,0.0,0.0,inf,5,5,0.0,257.6,219.0,257.6
PH,50,0.0,alpha-investing,0.05,0,2341,2305,3,0,3,0.0,0.0,0.0,0.0,0.0,inf,5,3,0.4,234.0,184.0,677.6
PH,50,0.0,raw,,1,1876,1866,164,159,5,0.9695121951219512,0.08520900321543408,3.382978723404255,1.0,0.676595744680851,1477.9874213836479,5,5,0.0,128.0,128.0,128.0
PH,50,0.0,uncorrected,0.05,1,2284,2271,22,17,5,0.7727272727272727,0.007485689123734038,0.3617021276595745,0.2553191489361702,0.07234042553191489,13823.529411764706,5,5,0.0,188.0,221.0,188.0
PH,50,0.0,bonferroni,0.05,1,2335,2319,5,0,5,0.0,0.0,0.0,0.0,0.0,inf,5,5,0.0,248.0,231.0,248.0
PH,50,0.0,bh_window,0.05,1,2335,2320,5,0,5,0.0,0.0,0.0,0.0,0.0,inf,5,5,0.0,228.0,231.0,228.0
PH,50,0.0,LOND,0.05,1,2341,2290,3,0,3,0.0,0.0,0.0,0.0,0.0,inf,5,3,0.4,323.3333333333333,321.0,948.0
PH,50,0.0,LORD++,0.05,1,2335,2311,5,0,5,0.0,0.0,0.0,0.0,0.0,inf,5,5,0.0,408.0,331.0,408.0
PH,50,0.0,SAFFRON,0.05,1,2335,2306,5,0,5,0.0,0.0,0.0,0.0,0.0,inf,5,5,0.0,508.0,328.0,508.0
PH,50,0.0,alpha-investing,0.05,1,2332,2295,6,1,5,0.16666666666666666,0.00043572984749455336,0.02127659574468085,0.02127659574468085,0.00425531914893617,235000.0,5,5,0.0,668.0,431.0,668.0
PH,50,0.0,raw,,2,1786,1780,196,191,5,0.9744897959183674,0.10730337078651686,4.0638297872340425,0.9787234042553191,0.8127659574468085,1230.3664921465968,5,5,0.0,199.2,179.0,199.2
PH,50,0.0,uncorrected,0.05,2,2249,2241,35,30,5,0.8571428571428571,0.013386880856760375,0.6382978723404256,0.5106382978723404,0.1276595744680851,7833.333333333333,5,5,0.0,119.2,100.0,119.2
PH,50,0.0,bonferroni,0.05,2,2332,2316,6,1,5,0.16666666666666666,0.0004317789291882556,0.02127659574468085,0.02127659574468085,0.00425531914893617,235000.0,5,5,0.0,279.2,268.0,279.2
PH,50,0.0,bh_window,0.05,2,2332,2316,6,1,5,0.16666666666666666,0.0004317789291882556,0.02127659574468085,0.02127659574468085,0.00425531914893617,235000.0,5,5,0.0,279.2,268.0,279.2
PH,50,0.0,LOND,0.05,2,2344,2291,2,0,2,0.0,0.0,0.0,0.0,0.0,inf,5,2,0.6,305.0,305.0,1019.2
PH,50,0.0,LORD++,0.05,2,2338,2306,4,0,4,0.0,0.0,0.0,0.0,0.0,inf,5,4,0.19999999999999996,494.5,399.5,599.2
PH,50,0.0,SAFFRON,0.05,2,2335,2305,5,1,4,0.2,0.0004338394793926247,0.02127659574468085,0.02127659574468085,0.00425531914893617,235000.0,5,4,0.19999999999999996,444.5,405.0,559.2
PH,50,0.0,alpha-investing,0.05,2,2350,2256,0,0,0,0.0,0.0,0.0,0.0,0.0,inf,5,0,1.0,,,1839.2
PH,100,0.3,raw,,9,3599,3588,372,362,10,0.9731182795698925,0.10089186176142698,7.702127659574468,0.9361702127659575,0.7702127659574468,1298.342541436464,10,10,0.0,73.4,42.0,73.4
PH,100,0.3,uncorrected,0.05,9,4562,4544,46,36,10,0.782608695652174,0.007922535211267605,0.7659574468085106,0.425531914893617,0.07659574468085106,13055.555555555555,10,10,0.0,123.4,127.0,123.4
PH,100,0.3,bonferroni,0.05,9,4664,4635,12,2,10,0.16666666666666666,0.0004314994606256742,0.0425531914893617,0.0425531914893617,0.00425531914893617,235000.0,10,10,0.0,233.4,234.0,233.4
PH,100,0.3,bh_window,0.05,9,4664,4637,12,2,10,0.16666666666666666,0.00043131334914815614,0.0425531914893617,0.0425531914893617,0.00425531914893617,235000.0,10,10,0.0,213.4,220.0,213.4
PH,100,0.3,LOND,0.05,9,4673,4613,9,0,9,0.0,0.0,0.0,0.0,0.0,inf,10,9,0.09999999999999998,445.55555555555554,388.0,543.4
PH,100,0.3,LORD++,0.05,9,4670,4622,10,0,10,0.0,0.0,0.0,0.0,0.0,inf,10,10,0.0,423.4,406.0,423.4
PH,100,0.3,SAFFRON,0.05,9,4670,4618,10,0,10,0.0,0.0,0.0,0.0,0.0,inf,10,10,0.0,463.4,456.0,463.4
PH,100,0.3,alpha-investing,0.05,9,4661,4520,13,3,10,0.23076923076923078,0.000663716814159292,0.06382978723404255,0.02127659574468085,0.006382978723404255,156666.66666666666,10,10,0.0,1353.4,1347.5,1353.4
PH,50,0.0,raw,,3,1836,1829,175,170,5,0.9714285714285714,0.09294696555494805,3.617021276595745,0.9787234042553191,0.723404255319149,1382.3529411764705,5,5,0.0,140.6,103.0,140.6
PH,50,0.0,uncorrected,0.05,3,2257,2247,31,26,5,0.8387096774193549,0.011570983533600357,0.5531914893617021,0.40425531914893614,0.11063829787234042,9038.461538461539,5,5,0.0,140.6,147.0,140.6
PH,50,0.0,bonferroni,0.05,3,2332,2321,6,1,5,0.16666666666666666,0.00043084877208099956,0.02127659574468085,0.02127659574468085,0.00425531914893617,235000.0,5,5,0.0,160.6,147.0,160.6
PH,50,0.0,bh_window,0.05,3,2332,2321,6,1,5,0.16666666666666666,0.00043084877208099956,0.02127659574468085,0.02127659574468085,0.00425531914893617,235000.0,5,5,0.0,160.6,147.0,160.6
PH,50,0.0,LOND,0.05,3,2335,2315,5,0,5,0.0,0.0,0.0,0.0,0.0,inf,5,5,0.0,340.6,347.0,340.6
PH,50,0.0,LORD++,0.05,3,2335,2316,5,0,5,0.0,0.0,0.0,0.0,0.0,inf,5,5,0.0,320.6,247.0,320.6
PH,50,0.0,SAFFRON,0.05,3,2335,2314,5,0,5,0.0,0.0,0.0,0.0,0.0,inf,5,5,0.0,360.6,318.0,360.6
PH,50,0.0,alpha-investing,0.05,3,2335,2311,5,0,5,0.0,0.0,0.0,0.0,0.0,inf,5,5,0.0,420.6,347.0,420.6
PH,50,0.0,raw,,4,1770,1762,196,191,5,0.9744897959183674,0.10839954597048808,4.0638297872340425,0.9787234042553191,0.8127659574468085,1230.3664921465968,5,5,0.0,272.6,159.0,272.6
PH,50,0.0,uncorrected,0.05,4,2241,2234,38,33,5,0.868421052631579,0.01477170993733214,0.7021276595744681,0.44680851063829785,0.14042553191489363,7121.212121212121,5,5,0.0,112.6,96.0,112.6
PH,50,0.0,bonferroni,0.05,4,2332,2322,6,1,5,0.16666666666666666,0.0004306632213608958,0.02127659574468085,0.02127659574468085,0.00425531914893617,235000.0,5,5,0.0,172.6,182.0,172.6
PH,50,0.0,bh_window,0.05,4,2329,2319,7,2,5,0.2857142857142857,0.0008624407072013799,0.0425531914893617,0.0425531914893617,0.00851063829787234,117500.0,5,5,0.0,172.6,182.0,172.6
PH,50,0.0,LOND,0.05,4,2335,2315,5,0,5,0.0,0.0,0.0,0.0,0.0,inf,5,5,0.0,372.6,382.0,372.6
PH,50,0.0,LORD++,0.05,4,2335,2318,5,0,5,0.0,0.0,0.0,0.0,0.0,inf,5,5,0.0,312.6,293.0,312.6
PH,50,0.0,SAFFRON,0.05,4,2335,2318,5,0,5,0.0,0.0,0.0,0.0,0.0,inf,5,5,0.0,312.6,333.0,312.6
PH,50,0.0,alpha-investing,0.05,4,2329,2294,7,3,4,0.42857142857142855,0.0013077593722755014,0.06382978723404255,0.02127659574468085,0.01276595744680851,78333.33333333333,5,4,0.19999999999999996,466.75,457.5,672.6
PH,50,0.0,raw,,5,1828,1815,183,178,5,0.9726775956284153,0.09807162534435261,3.7872340425531914,1.0,0.7574468085106383,1320.2247191011236,5,5,0.0,333.2,106.0,333.2
PH,50,0.0,uncorrected,0.05,5,2289,2282,23,18,5,0.782608695652174,0.007887817703768623,0.3829787234042553,0.3191489361702128,0.07659574468085106,13055.555555555555,5,5,0.0,153.2,106.0,153.2
PH,50,0.0,bonferroni,0.05,5,2335,2324,5,0,5,0.0,0.0,0.0,0.0,0.0,inf,5,5,0.0,173.2,166.0,173.2
PH,50,0.0,bh_window,0.05,5,2335,2324,5,0,5,0.0,0.0,0.0,0.0,0.0,inf,5,5,0.0,173.2,166.0,173.2
PH,50,0.0,LOND,0.05,5,2335,2309,5,0,5,0.0,0.0,0.0,0.0,0.0,inf,5,5,0.0,473.2,306.0,473.2
PH,50,0.0,LORD++,0.05,5,2335,2316,5,0,5,0.0,0.0,0.0,0.0,0.0,inf,5,5,0.0,333.2,306.0,333.2
PH,50,0.0,SAFFRON,0.05,5,2335,2303,5,0,5,0.0,0.0,0.0,0.0,0.0,inf,5,5,0.0,593.2,366.0,593.2
PH,50,0.0,alpha-investing,0.05,5,2335,2312,5,0,5,0.0,0.0,0.0,0.0,0.0,inf,5,5,0.0,413.2,373.0,413.2
PH,50,0.0,raw,,6,1857,1850,172,167,5,0.9709302325581395,0.09027027027027026,3.5531914893617023,0.9574468085106383,0.7106382978723405,1407.185628742515,5,5,0.0,146.6,119.0,146.6
PH,50,0.0,uncorrected,0.05,6,2270,2260,27,22,5,0.8148148148148148,0.009734513274336283,0.46808510638297873,0.40425531914893614,0.09361702127659574,10681.818181818182,5,5,0.0,126.6,132.0,126.6
PH,50,0.0,bonferroni,0.05,6,2335,2321,5,0,5,0.0,0.0,0.0,0.0,0.0,inf,5,5,0.0,206.6,219.0,206.6
PH,50,0.0,bh_window,0.05,6,2335,2321,5,0,5,0.0,0.0,0.0,0.0,0.0,inf,5,5,0.0,206.6,219.0,206.6
PH,50,0.0,LOND,0.05,6,2335,2307,5,0,5,0.0,0.0,0.0,0.0,0.0,inf,5,5,0.0,486.6,319.0,486.6
PH,50,0.0,LORD++,0.05,6,2335,2297,5,0,5,0.0,0.0,0.0,0.0,0.0,inf,5,5,0.0,686.6,419.0,686.6
PH,50,0.0,SAFFRON,0.05,6,2335,2296,5,0,5,0.0,0.0,0.0,0.0,0.0,inf,5,5,0.0,706.6,419.0,706.6
PH,50,0.0,alpha-investing,0.05,6,2335,2257,5,0,5,0.0,0.0,0.0,0.0,0.0,inf,5,5,0.0,1486.6,1319.0,1486.6
PH,50,0.0,raw,,7,1810,1802,186,181,5,0.9731182795698925,0.1004439511653718,3.851063829787234,0.9574468085106383,0.7702127659574468,1298.342541436464,5,5,0.0,112.2,117.0,112.2
PH,50,0.0,uncorrected,0.05,7,2249,2240,34,29,5,0.8529411764705882,0.012946428571428572,0.6170212765957447,0.48936170212765956,0.12340425531914893,8103.448275862069,5,5,0.0,132.2,119.0,132.2
PH,50,0.0,bonferroni,0.05,7,2335,2324,5,0,5,0.0,0.0,0.0,0.0,0.0,inf,5,5,0.0,172.2,187.0,172.2
PH,50,0.0,bh_window,0.05,7,2335,2324,5,0,5,0.0,0.0,0.0,0.0,0.0,inf,5,5,0.0,172.2,187.0,172.2
PH,50,0.0,LOND,0.05,7,2335,2316,5,0,5,0.0,0.0,0.0,0.0,0.0,inf,5,5,0.0,332.2,319.0,332.2
PH,50,0.0,LORD++,0.05,7,2335,2317,5,0,5,0.0,0.0,0.0,0.0,0.0,inf,5,5,0.0,312.2,317.0,312.2
PH,50,0.0,SAFFRON,0.05,7,2335,2316,5,0,5,0.0,0.0,0.0,0.0,0.0,inf,5,5,0.0,332.2,350.0,332.2
PH,50,0.0,alpha-investing,0.05,7,2335,2312,5,0,5,0.0,0.0,0.0,0.0,0.0,inf,5,5,0.0,412.2,417.0,412.2
PH,50,0.0,raw,,8,1794,1787,191,186,5,0.9738219895287958,0.10408505875769446,3.9574468085106385,1.0,0.7914893617021277,1263.4408602150538,5,5,0.0,80.2,80.0,80.2
PH,50,0.0,uncorrected,0.05,8,2263,2253,30,25,5,0.8333333333333334,0.011096316023080338,0.5319148936170213,0.3617021276595745,0.10638297872340426,9400.0,5,5,0.0,140.2,126.0,140.2
PH,50,0.0,bonferroni,0.05,8,2329,2317,7,2,5,0.2857142857142857,0.0008631851532153647,0.0425531914893617,0.0425531914893617,0.00851063829787234,117500.0,5,5,0.0,180.2,166.0,180.2
PH,50,0.0,bh_window,0.05,8,2329,2317,7,2,5,0.2857142857142857,0.0008631851532153647,0.0425531914893617,0.0425531914893617,0.00851063829787234,117500.0,5,5,0.0,180.2,166.0,180.2
PH,50,0.0,LOND,0.05,8,2338,2307,4,0,4,0.0,0.0,0.0,0.0,0.0,inf,5,4,0.19999999999999996,368.75,344.5,560.2
PH,50,0.0,LORD++,0.05,8,2335,2311,5,0,5,0.0,0.0,0.0,0.0,0.0,inf,5,5,0.0,420.2,406.0,420.2
PH,50,0.0,SAFFRON,0.05,8,2338,2308,4,0,4,0.0,0.0,0.0,0.0,0.0,inf,5,4,0.19999999999999996,343.75,343.0,540.2
PH,50,0.0,alpha-investing,0.05,8,2338,2296,4,0,4,0.0,0.0,0.0,0.0,0.0,inf,5,4,0.19999999999999996,643.75,636.0,780.2
PH,50,0.0,raw,,9,1802,1794,186,181,5,0.9731182795698925,0.10089186176142698,3.851063829787234,0.9787234042553191,0.7702127659574468,1298.342541436464,5,5,0.0,133.6,112.0,133.6
PH,50,0.0,uncorrected,0.05,9,2278,2269,24,19,5,0.7916666666666666,0.008373732921992068,0.40425531914893614,0.2553191489361702,0.08085106382978724,12368.421052631578,5,5,0.0,113.6,112.0,113.6
PH,50,0.0,bonferroni,0.05,9,2335,2324,5,0,5,0.0,0.0,0.0,0.0,0.0,inf,5,5,0.0,153.6,150.0,153.6
PH,50,0.0,bh_window,0.05,9,2335,2324,5,0,5,0.0,0.0,0.0,0.0,0.0,inf,5,5,0.0,153.6,150.0,153.6
PH,50,0.0,LOND,0.05,9,2335,2314,5,0,5,0.0,0.0,0.0,0.0,0.0,inf,5,5,0.0,353.6,312.0,353.6
PH,50,0.0,LORD++,0.05,9,2335,2319,5,0,5,0.0,0.0,0.0,0.0,0.0,inf,5,5,0.0,253.6,250.0,253.6
PH,50,0.0,SAFFRON,0.05,9,2335,2319,5,0,5,0.0,0.0,0.0,0.0,0.0,inf,5,5,0.0,253.6,212.0,253.6
PH,50,0.0,alpha-investing,0.05,9,2335,2312,5,0,5,0.0,0.0,0.0,0.0,0.0,inf,5,5,0.0,393.6,312.0,393.6
PH,50,0.3,raw,,0,1791,1786,200,195,5,0.975,0.10918253079507279,4.148936170212766,0.851063829787234,0.8297872340425532,1205.128205128205,5,5,0.0,117.6,84.0,117.6
PH,50,0.3,uncorrected,0.05,0,2289,2281,21,16,5,0.7619047619047619,0.0070144673388864535,0.3404255319148936,0.23404255319148937,0.06808510638297872,14687.5,5,5,0.0,117.6,119.0,117.6
PH,50,0.3,bonferroni,0.05,0,2332,2320,6,1,5,0.16666666666666666,0.0004310344827586207,0.02127659574468085,0.02127659574468085,0.00425531914893617,235000.0,5,5,0.0,197.6,184.0,197.6
PH,50,0.3,bh_window,0.05,0,2332,2320,6,1,5,0.16666666666666666,0.0004310344827586207,0.02127659574468085,0.02127659574468085,0.00425531914893617,235000.0,5,5,0.0,197.6,184.0,197.6
PH,50,0.3,LOND,0.05,0,2335,2319,5,0,5,0.0,0.0,0.0,0.0,0.0,inf,5,5,0.0,277.6,277.0,277.6
PH,50,0.3,LORD++,0.05,0,2335,2319,5,0,5,0.0,0.0,0.0,0.0,0.0,inf,5,5,0.0,277.6,219.0,277.6
PH,50,0.3,SAFFRON,0.05,0,2332,2317,6,1,5,0.16666666666666666,0.00043159257660768235,0.02127659574468085,0.02127659574468085,0.00425531914893617,235000.0,5,5,0.0,257.6,219.0,257.6
PH,50,0.3,alpha-investing,0.05,0,2335,2314,5,0,5,0.0,0.0,0.0,0.0,0.0,inf,5,5,0.0,377.6,319.0,377.6
PH,50,0.3,raw,,2,1804,1799,197,193,4,0.9796954314720813,0.10728182323513062,4.1063829787234045,0.8297872340425532,0.8212765957446808,1217.6165803108809,5,5,0.0,239.2,131.0,239.2
PH,50,0.3,uncorrected,0.05,2,2265,2256,35,30,5,0.8571428571428571,0.013297872340425532,0.6382978723404256,0.3191489361702128,0.1276595744680851,7833.333333333333,5,5,0.0,139.2,131.0,139.2
PH,50,0.3,bonferroni,0.05,2,2332,2318,6,1,5,0.16666666666666666,0.0004314063848144953,0.02127659574468085,0.02127659574468085,0.00425531914893617,235000.0,5,5,0.0,239.2,231.0,239.2
PH,50,0.3,bh_window,0.05,2,2332,2318,6,1,5,0.16666666666666666,0.0004314063848144953,0.02127659574468085,0.02127659574468085,0.00425531914893617,235000.0,5,5,0.0,239.2,231.0,239.2
PH,50,0.3,LOND,0.05,2,2341,2300,3,0,3,0.0,0.0,0.0,0.0,0.0,inf,5,3,0.4,470.0,431.0,779.2
PH,50,0.3,LORD++,0.05,2,2335,2306,5,0,5,0.0,0.0,0.0,0.0,0.0,inf,5,5,0.0,539.2,431.0,539.2
PH,50,0.3,SAFFRON,0.05,2,2332,2295,6,1,5,0.16666666666666666,0.00043572984749455336,0.02127659574468085,0.02127659574468085,0.00425531914893617,235000.0,5,5,0.0,699.2,418.0,699.2
PH,50,0.3,alpha-investing,0.05,2,2350,2256,4,0,4,0.0,0.0,0.0,0.0,0.0,inf,5,4,0.19999999999999996,2044.5,1839.5,1839.2
PH,50,0.3,raw,,1,1753,1743,199,194,5,0.9748743718592965,0.11130235226620769,4.127659574468085,0.8723404255319149,0.825531914893617,1211.340206185567,5,5,0.0,128.0,128.0,128.0
PH,50,0.3,uncorrected,0.05,1,2206,2195,48,43,5,0.8958333333333334,0.01958997722095672,0.9148936170212766,0.3829787234042553,0.1829787234042553,5465.116279069767,5,5,0.0,148.0,131.0,148.0
PH,50,0.3,bonferroni,0.05,1,2332,2320,6,1,5,0.16666666666666666,0.0004310344827586207,0.02127659574468085,0.02127659574468085,0.00425531914893617,235000.0,5,5,0.0,168.0,131.0,168.0
PH,50,0.3,bh_window,0.05,1,2305,2292,15,10,5,0.6666666666666666,0.004363001745200698,0.2127659574468085,0.0851063829787234,0.0425531914893617,23500.0,5,5,0.0,188.0,228.0,188.0
PH,50,0.3,LOND,0.05,1,2335,2315,5,0,5,0.0,0.0,0.0,0.0,0.0,inf,5,5,0.0,328.0,328.0,328.0
PH,50,0.3,LORD++,0.05,1,2335,2318,5,0,5,0.0,0.0,0.0,0.0,0.0,inf,5,5,0.0,268.0,242.0,268.0
PH,50,0.3,SAFFRON,0.05,1,2323,2306,9,4,5,0.4444444444444444,0.0017346053772766695,0.0851063829787234,0.02127659574468085,0.01702127659574468,58750.0,5,5,0.0,268.0,242.0,268.0
PH,50,0.3,alpha-investing,0.05,1,2329,2309,7,2,5,0.2857142857142857,0.0008661758336942399,0.0425531914893617,0.02127659574468085,0.00851063829787234,117500.0,5,5,0.0,328.0,328.0,328.0
PH,50,0.3,raw,,3,1900,1894,152,147,5,0.9671052631578947,0.07761351636747624,3.127659574468085,0.8723404255319149,0.625531914893617,1598.639455782313,5,5,0.0,80.6,70.0,80.6
PH,50,0.3,uncorrected,0.05,3,2287,2277,21,16,5,0.7619047619047619,0.007026789635485288,0.3404255319148936,0.2553191489361702,0.06808510638297872,14687.5,5,5,0.0,140.6,147.0,140.6
PH,50,0.3,bonferroni,0.05,3,2335,2321,5,0,5,0.0,0.0,0.0,0.0,0.0,inf,5,5,0.0,220.6,247.0,220.6
PH,50,0.3,bh_window,0.05,3,2335,2321,5,0,5,0.0,0.0,0.0,0.0,0.0,inf,5,5,0.0,220.6,247.0,220.6
PH,50,0.3,LOND,0.05,3,2335,2309,5,0,5,0.0,0.0,0.0,0.0,0.0,inf,5,5,0.0,460.6,418.0,460.6
PH,50,0.3,LORD++,0.05,3,2335,2312,5,0,5,0.0,0.0,0.0,0.0,0.0,inf,5,5,0.0,400.6,347.0,400.6
PH,50,0.3,SAFFRON,0.05,3,2335,2300,5,0,5,0.0,0.0,0.0,0.0,0.0,inf,5,5,0.0,640.6,518.0,640.6
PH,50,0.3,alpha-investing,0.05,3,2335,2296,5,0,5,0.0,0.0,0.0,0.0,0.0,inf,5,5,0.0,720.6,618.0,720.6
PH,50,0.3,raw,,4,1789,1783,189,184,5,0.9735449735449735,0.10319685922602355,3.9148936170212765,0.8723404255319149,0.7829787234042553,1277.1739130434783,5,5,0.0,112.6,96.0,112.6
PH,50,0.3,uncorrected,0.05,4,2232,2225,41,36,5,0.8780487804878049,0.016179775280898877,0.7659574468085106,0.44680851063829785,0.15319148936170213,6527.777777777777,5,5,0.0,112.6,96.0,112.6
PH,50,0.3,bonferroni,0.05,4,2335,2322,5,0,5,0.0,0.0,0.0,0.0,0.0,inf,5,5,0.0,232.6,233.0,232.6
PH,50,0.3,bh_window,0.05,4,2335,2322,5,0,5,0.0,0.0,0.0,0.0,0.0,inf,5,5,0.0,232.6,233.0,232.6
PH,50,0.3,LOND,0.05,4,2335,2316,5,0,5,0.0,0.0,0.0,0.0,0.0,inf,5,5,0.0,352.6,333.0,352.6
PH,50,0.3,LORD++,0.05,4,2335,2316,5,0,5,0.0,0.0,0.0,0.0,0.0,inf,5,5,0.0,352.6,382.0,352.6
PH,50,0.3,SAFFRON,0.05,4,2335,2313,5,0,5,0.0,0.0,0.0,0.0,0.0,inf,5,5,0.0,412.6,396.0,412.6
PH,50,0.3,alpha-investing,0.05,4,2335,2309,5,0,5,0.0,0.0,0.0,0.0,0.0,inf,5,5,0.0,492.6,482.0,492.6
PH,50,0.3,raw,,5,1822,1812,178,173,5,0.9719101123595506,0.09547461368653422,3.6808510638297873,0.8297872340425532,0.7361702127659574,1358.3815028901734,5,5,0.0,273.2,106.0,273.2
PH,50,0.3,uncorrected,0.05,5,2207,2200,48,43,5,0.8958333333333334,0.019545454545454546,0.9148936170212766,0.5531914893617021,0.1829787234042553,5465.116279069767,5,5,0.0,93.2,79.0,93.2
PH,50,0.3,bonferroni,0.05,5,2329,2320,7,2,5,0.2857142857142857,0.0008620689655172414,0.0425531914893617,0.0425531914893617,0.00851063829787234,117500.0,5,5,0.0,133.2,166.0,133.2
PH,50,0.3,bh_window,0.05,5,2320,2312,10,5,5,0.5,0.0021626297577854673,0.10638297872340426,0.0425531914893617,0.02127659574468085,47000.0,5,5,0.0,113.2,106.0,113.2
PH,50,0.3,LOND,0.05,5,2335,2317,5,0,5,0.0,0.0,0.0,0.0,0.0,inf,5,5,0.0,313.2,306.0,313.2
PH,50,0.3,LORD++,0.05,5,2335,2318,5,0,5,0.0,0.0,0.0,0.0,0.0,inf,5,5,0.0,293.2,279.0,293.2
PH,50,0.3,SAFFRON,0.05,5,2335,2319,5,0,5,0.0,0.0,0.0,0.0,0.0,inf,5,5,0.0,273.2,273.0,273.2
PH,50,0.3,alpha-investing,0.05,5,2332,2304,6,1,5,0.16666666666666666,0.00043402777777777775,0.02127659574468085,0.02127659574468085,0.00425531914893617,235000.0,5,5,0.0,513.2,506.0,513.2
PH,50,0.3,raw,,6,1870,1863,165,160,5,0.9696969696969697,0.08588298443370908,3.404255319148936,0.8936170212765957,0.6808510638297872,1468.75,5,5,0.0,66.6,34.0,66.6
PH,50,0.3,uncorrected,0.05,6,2297,2286,18,13,5,0.7222222222222222,0.005686789151356081,0.2765957446808511,0.19148936170212766,0.05531914893617021,18076.923076923078,5,5,0.0,146.6,133.0,146.6
PH,50,0.3,bonferroni,0.05,6,2335,2320,5,0,5,0.0,0.0,0.0,0.0,0.0,inf,5,5,0.0,226.6,233.0,226.6
PH,50,0.3,bh_window,0.05,6,2335,2320,5,0,5,0.0,0.0,0.0,0.0,0.0,inf,5,5,0.0,226.6,233.0,226.6
PH,50,0.3,LOND,0.05,6,2335,2282,5,0,5,0.0,0.0,0.0,0.0,0.0,inf,5,5,0.0,986.6,715.0,986.6
PH,50,0.3,LORD++,0.05,6,2335,2293,5,0,5,0.0,0.0,0.0,0.0,0.0,inf,5,5,0.0,766.6,519.0,766.6
PH,50,0.3,SAFFRON,0.05,6,2335,2257,5,0,5,0.0,0.0,0.0,0.0,0.0,inf,5,5,0.0,1486.6,1319.0,1486.6
PH,50,0.3,alpha-investing,0.05,6,2350,2244,0,0,0,0.0,0.0,0.0,0.0,0.0,inf,5,0,1.0,,,2046.6
PH,10,0.0,raw,,0,323,322,53,52,1,0.9811320754716981,0.16149068322981366,1.1063829787234043,0.6808510638297872,1.1063829787234043,903.8461538461538,1,1,0.0,8.0,8.0,8.0
PH,10,0.0,uncorrected,0.05,0,443,440,9,8,1,0.8888888888888888,0.01818181818181818,0.1702127659574468,0.14893617021276595,0.1702127659574468,5875.0,1,1,0.0,208.0,208.0,208.0
PH,10,0.0,bonferroni,0.05,0,458,455,4,3,1,0.75,0.006593406593406593,0.06382978723404255,0.06382978723404255,0.06382978723404255,15666.666666666666,1,1,0.0,208.0,208.0,208.0
PH,10,0.0,bh_window,0.05,0,458,455,4,3,1,0.75,0.006593406593406593,0.06382978723404255,0.06382978723404255,0.06382978723404255,15666.666666666666,1,1,0.0,208.0,208.0,208.0
PH,10,0.0,LOND,0.05,0,467,463,1,0,1,0.0,0.0,0.0,0.0,0.0,inf,1,1,0.0,308.0,308.0,308.0
PH,10,0.0,LORD++,0.05,0,467,463,1,0,1,0.0,0.0,0.0,0.0,0.0,inf,1,1,0.0,308.0,308.0,308.0
PH,10,0.0,SAFFRON,0.05,0,467,463,1,0,1,0.0,0.0,0.0,0.0,0.0,inf,1,1,0.0,308.0,308.0,308.0
PH,10,0.0,alpha-investing,0.05,0,467,463,1,0,1,0.0,0.0,0.0,0.0,0.0,inf,1,1,0.0,308.0,308.0,308.0
PH,10,0.0,raw,,1,401,399,24,23,1,0.9583333333333334,0.05764411027568922,0.48936170212765956,0.3617021276595745,0.48936170212765956,2043.4782608695652,1,1,0.0,121.0,121.0,121.0
PH,10,0.0,uncorrected,0.05,1,449,447,7,6,1,0.8571428571428571,0.013422818791946308,0.1276595744680851,0.10638297872340426,0.1276595744680851,7833.333333333333,1,1,0.0,121.0,121.0,121.0
PH,10,0.0,bonferroni,0.05,1,461,458,3,2,1,0.6666666666666666,0.004366812227074236,0.0425531914893617,0.0425531914893617,0.0425531914893617,23500.0,1,1,0.0,221.0,221.0,221.0
PH,10,0.0,bh_window,0.05,1,461,458,3,2,1,0.6666666666666666,0.004366812227074236,0.0425531914893617,0.0425531914893617,0.0425531914893617,23500.0,1,1,0.0,221.0,221.0,221.0
PH,10,0.0,LOND,0.05,1,467,464,1,0,1,0.0,0.0,0.0,0.0,0.0,inf,1,1,0.0,221.0,221.0,221.0
PH,10,0.0,LORD++,0.05,1,467,464,1,0,1,0.0,0.0,0.0,0.0,0.0,inf,1,1,0.0,221.0,221.0,221.0
PH,10,0.0,SAFFRON,0.05,1,467,464,1,0,1,0.0,0.0,0.0,0.0,0.0,inf,1,1,0.0,221.0,221.0,221.0
PH,10,0.0,alpha-investing,0.05,1,464,441,2,2,0,1.0,0.0045351473922902496,0.0425531914893617,0.02127659574468085,0.0425531914893617,23500.0,1,0,1.0,,,2221.0
PH,50,0.3,raw,,9,1864,1857,163,158,5,0.9693251533742331,0.08508346795907377,3.3617021276595747,0.7872340425531915,0.6723404255319149,1487.3417721518988,5,5,0.0,93.6,110.0,93.6
PH,50,0.3,uncorrected,0.05,9,2299,2290,17,12,5,0.7058823529411765,0.005240174672489083,0.2553191489361702,0.1702127659574468,0.05106382978723404,19583.333333333332,5,5,0.0,113.6,112.0,113.6
PH,50,0.3,bonferroni,0.05,9,2335,2323,5,0,5,0.0,0.0,0.0,0.0,0.0,inf,5,5,0.0,173.6,184.0,173.6
PH,50,0.3,bh_window,0.05,9,2335,2323,5,0,5,0.0,0.0,0.0,0.0,0.0,inf,5,5,0.0,173.6,184.0,173.6
PH,50,0.3,LOND,0.05,9,2335,2316,5,0,5,0.0,0.0,0.0,0.0,0.0,inf,5,5,0.0,313.6,312.0,313.6
PH,50,0.3,LORD++,0.05,9,2335,2317,5,0,5,0.0,0.0,0.0,0.0,0.0,inf,5,5,0.0,293.6,312.0,293.6
PH,50,0.3,SAFFRON,0.05,9,2335,2319,5,0,5,0.0,0.0,0.0,0.0,0.0,inf,5,5,0.0,253.6,212.0,253.6
PH,50,0.3,alpha-investing,0.05,9,2329,2311,7,2,5,0.2857142857142857,0.0008654262224145391,0.0425531914893617,0.0425531914893617,0.00851063829787234,117500.0,5,5,0.0,293.6,312.0,293.6
PH,10,0.0,raw,,2,353,352,40,39,1,0.975,0.11079545454545454,0.8297872340425532,0.5106382978723404,0.8297872340425532,1205.128205128205,1,1,0.0,46.0,46.0,46.0
PH,10,0.0,uncorrected,0.05,2,433,432,13,12,1,0.9230769230769231,0.027777777777777776,0.2553191489361702,0.23404255319148937,0.2553191489361702,3916.6666666666665,1,1,0.0,46.0,46.0,46.0
PH,10,0.0,bonferroni,0.05,2,461,460,3,2,1,0.6666666666666666,0.004347826086956522,0.0425531914893617,0.0425531914893617,0.0425531914893617,23500.0,1,1,0.0,46.0,46.0,46.0
PH,10,0.0,bh_window,0.05,2,461,460,3,2,1,0.6666666666666666,0.004347826086956522,0.0425531914893617,0.0425531914893617,0.0425531914893617,23500.0,1,1,0.0,46.0,46.0,46.0
PH,10,0.0,LOND,0.05,2,467,465,1,0,1,0.0,0.0,0.0,0.0,0.0,inf,1,1,0.0,146.0,146.0,146.0
PH,10,0.0,LORD++,0.05,2,467,465,1,0,1,0.0,0.0,0.0,0.0,0.0,inf,1,1,0.0,146.0,146.0,146.0
PH,10,0.0,SAFFRON,0.05,2,467,465,1,0,1,0.0,0.0,0.0,0.0,0.0,inf,1,1,0.0,146.0,146.0,146.0
PH,10,0.0,alpha-investing,0.05,2,467,464,1,0,1,0.0,0.0,0.0,0.0,0.0,inf,1,1,0.0,246.0,246.0,246.0
PH,50,0.3,raw,,8,1880,1872,159,154,5,0.9685534591194969,0.08226495726495726,3.276595744680851,0.9148936170212766,0.6553191489361702,1525.974025974026,5,5,0.0,100.2,106.0,100.2
PH,50,0.3,uncorrected,0.05,8,2284,2274,22,17,5,0.7727272727272727,0.007475813544415127,0.3617021276595745,0.2553191489361702,0.07234042553191489,13823.529411764706,5,5,0.0,140.2,126.0,140.2
PH,50,0.3,bonferroni,0.05,8,2335,2321,5,0,5,0.0,0.0,0.0,0.0,0.0,inf,5,5,0.0,220.2,226.0,220.2
PH,50,0.3,bh_window,0.05,8,2335,2321,5,0,5,0.0,0.0,0.0,0.0,0.0,inf,5,5,0.0,220.2,226.0,220.2
PH,50,0.3,LOND,0.05,8,2338,2304,4,0,4,0.0,0.0,0.0,0.0,0.0,inf,5,4,0.19999999999999996,443.75,486.0,620.2
PH,50,0.3,LORD++,0.05,8,2335,2307,5,0,5,0.0,0.0,0.0,0.0,0.0,inf,5,5,0.0,500.2,366.0,500.2
PH,50,0.3,SAFFRON,0.05,8,2347,2258,1,0,1,0.0,0.0,0.0,0.0,0.0,inf,5,1,0.8,280.0,280.0,1720.2
PH,50,0.3,alpha-investing,0.05,8,2347,2258,1,0,1,0.0,0.0,0.0,0.0,0.0,inf,5,1,0.8,280.0,280.0,1720.2
PH,10,0.0,raw,,3,350,349,42,41,1,0.9761904761904762,0.1174785100286533,0.8723404255319149,0.5957446808510638,0.8723404255319149,1146.341463414634,1,1,0.0,86.0,86.0,86.0
PH,10,0.0,uncorrected,0.05,3,449,447,7,6,1,0.8571428571428571,0.013422818791946308,0.1276595744680851,0.1276595744680851,0.1276595744680851,7833.333333333333,1,1,0.0,186.0,186.0,186.0
PH,10,0.0,bonferroni,0.05,3,467,465,1,0,1,0.0,0.0,0.0,0.0,0.0,inf,1,1,0.0,186.0,186.0,186.0
PH,10,0.0,bh_window,0.05,3,467,465,1,0,1,0.0,0.0,0.0,0.0,0.0,inf,1,1,0.0,186.0,186.0,186.0
PH,10,0.0,LOND,0.05,3,467,463,1,0,1,0.0,0.0,0.0,0.0,0.0,inf,1,1,0.0,386.0,386.0,386.0
PH,10,0.0,LORD++,0.05,3,467,462,1,0,1,0.0,0.0,0.0,0.0,0.0,inf,1,1,0.0,486.0,486.0,486.0
PH,10,0.0,SAFFRON,0.05,3,467,462,1,0,1,0.0,0.0,0.0,0.0,0.0,inf,1,1,0.0,486.0,486.0,486.0
PH,10,0.0,alpha-investing,0.05,3,467,462,1,0,1,0.0,0.0,0.0,0.0,0.0,inf,1,1,0.0,486.0,486.0,486.0
PH,10,0.0,raw,,4,339,338,44,43,1,0.9772727272727273,0.12721893491124261,0.9148936170212766,0.5106382978723404,0.9148936170212766,1093.0232558139535,1,1,0.0,43.0,43.0,43.0
PH,10,0.0,uncorrected,0.05,4,445,443,9,8,1,0.8888888888888888,0.01805869074492099,0.1702127659574468,0.14893617021276595,0.1702127659574468,5875.0,1,1,0.0,143.0,143.0,143.0
PH,10,0.0,bonferroni,0.05,4,464,462,2,1,1,0.5,0.0021645021645021645,0.02127659574468085,0.02127659574468085,0.02127659574468085,47000.0,1,1,0.0,143.0,143.0,143.0
PH,10,0.0,bh_window,0.05,4,464,462,2,1,1,0.5,0.0021645021645021645,0.02127659574468085,0.02127659574468085,0.02127659574468085,47000.0,1,1,0.0,143.0,143.0,143.0
PH,10,0.0,LOND,0.05,4,467,463,1,0,1,0.0,0.0,0.0,0.0,0.0,inf,1,1,0.0,343.0,343.0,343.0
PH,10,0.0,LORD++,0.05,4,467,463,1,0,1,0.0,0.0,0.0,0.0,0.0,inf,1,1,0.0,343.0,343.0,343.0
PH,10,0.0,SAFFRON,0.05,4,467,463,1,0,1,0.0,0.0,0.0,0.0,0.0,inf,1,1,0.0,343.0,343.0,343.0
PH,10,0.0,alpha-investing,0.05,4,467,463,1,0,1,0.0,0.0,0.0,0.0,0.0,inf,1,1,0.0,343.0,343.0,343.0
PH,10,0.0,raw,,5,365,364,37,36,1,0.972972972972973,0.0989010989010989,0.7659574468085106,0.48936170212765956,0.7659574468085106,1305.5555555555557,1,1,0.0,388.0,388.0,388.0
PH,10,0.0,uncorrected,0.05,5,450,449,8,7,1,0.875,0.015590200445434299,0.14893617021276595,0.1276595744680851,0.14893617021276595,6714.285714285715,1,1,0.0,88.0,88.0,88.0
PH,10,0.0,bonferroni,0.05,5,467,464,1,0,1,0.0,0.0,0.0,0.0,0.0,inf,1,1,0.0,288.0,288.0,288.0
PH,10,0.0,bh_window,0.05,5,467,464,1,0,1,0.0,0.0,0.0,0.0,0.0,inf,1,1,0.0,288.0,288.0,288.0
PH,10,0.0,LOND,0.05,5,470,455,0,0,0,0.0,0.0,0.0,0.0,0.0,inf,1,0,1.0,,,1488.0
PH,10,0.0,LORD++,0.05,5,470,455,0,0,0,0.0,0.0,0.0,0.0,0.0,inf,1,0,1.0,,,1488.0
PH,10,0.0,SAFFRON,0.05,5,470,455,0,0,0,0.0,0.0,0.0,0.0,0.0,inf,1,0,1.0,,,1488.0
PH,10,0.0,alpha-investing,0.05,5,470,455,0,0,0,0.0,0.0,0.0,0.0,0.0,inf,1,0,1.0,,,1488.0
PH,50,0.3,raw,,7,1625,1617,249,244,5,0.9799196787148594,0.15089672232529375,5.191489361702128,0.8723404255319149,1.0382978723404255,963.1147540983607,5,5,0.0,152.2,119.0,152.2
PH,50,0.3,uncorrected,0.05,7,2143,2135,69,64,5,0.927536231884058,0.029976580796252927,1.3617021276595744,0.48936170212765956,0.2723404255319149,3671.875,5,5,0.0,112.2,117.0,112.2
PH,50,0.3,bonferroni,0.05,7,2332,2322,6,1,5,0.16666666666666666,0.0004306632213608958,0.02127659574468085,0.02127659574468085,0.00425531914893617,235000.0,5,5,0.0,152.2,150.0,152.2
PH,50,0.3,bh_window,0.05,7,2302,2292,16,11,5,0.6875,0.004799301919720768,0.23404255319148937,0.0425531914893617,0.04680851063829787,21363.636363636364,5,5,0.0,152.2,150.0,152.2
PH,50,0.3,LOND,0.05,7,2335,2319,5,0,5,0.0,0.0,0.0,0.0,0.0,inf,5,5,0.0,272.2,287.0,272.2
PH,50,0.3,LORD++,0.05,7,2335,2320,5,0,5,0.0,0.0,0.0,0.0,0.0,inf,5,5,0.0,252.2,287.0,252.2
PH,50,0.3,SAFFRON,0.05,7,2335,2320,5,0,5,0.0,0.0,0.0,0.0,0.0,inf,5,5,0.0,252.2,287.0,252.2
PH,50,0.3,alpha-investing,0.05,7,2335,2316,5,0,5,0.0,0.0,0.0,0.0,0.0,inf,5,5,0.0,332.2,350.0,332.2
PH,10,0.0,raw,,6,377,376,32,31,1,0.96875,0.08244680851063829,0.6595744680851063,0.48936170212765956,0.6595744680851063,1516.1290322580646,1,1,0.0,55.0,55.0,55.0
PH,10,0.0,uncorrected,0.05,6,464,462,2,1,1,0.5,0.0021645021645021645,0.02127659574468085,0.02127659574468085,0.02127659574468085,47000.0,1,1,0.0,155.0,155.0,155.0
PH,10,0.0,bonferroni,0.05,6,467,464,1,0,1,0.0,0.0,0.0,0.0,0.0,inf,1,1,0.0,255.0,255.0,255.0
PH,10,0.0,bh_window,0.05,6,467,464,1,0,1,0.0,0.0,0.0,0.0,0.0,inf,1,1,0.0,255.0,255.0,255.0
PH,10,0.0,LOND,0.05,6,467,452,1,0,1,0.0,0.0,0.0,0.0,0.0,inf,1,1,0.0,1455.0,1455.0,1455.0
PH,10,0.0,LORD++,0.05,6,470,448,0,0,0,0.0,0.0,0.0,0.0,0.0,inf,1,0,1.0,,,2155.0
PH,10,0.0,SAFFRON,0.05,6,470,448,0,0,0,0.0,0.0,0.0,0.0,0.0,inf,1,0,1.0,,,2155.0
PH,10,0.0,alpha-investing,0.05,6,470,448,0,0,0,0.0,0.0,0.0,0.0,0.0,inf,1,0,1.0,,,2155.0
PH,10,0.0,raw,,7,353,352,40,39,1,0.975,0.11079545454545454,0.8297872340425532,0.5319148936170213,0.8297872340425532,1205.128205128205,1,1,0.0,38.0,38.0,38.0
PH,10,0.0,uncorrected,0.05,7,443,442,9,8,1,0.8888888888888888,0.01809954751131222,0.1702127659574468,0.1702127659574468,0.1702127659574468,5875.0,1,1,0.0,38.0,38.0,38.0
PH,10,0.0,bonferroni,0.05,7,467,465,1,0,1,0.0,0.0,0.0,0.0,0.0,inf,1,1,0.0,138.0,138.0,138.0
PH,10,0.0,bh_window,0.05,7,467,465,1,0,1,0.0,0.0,0.0,0.0,0.0,inf,1,1,0.0,138.0,138.0,138.0
PH,10,0.0,LOND,0.05,7,467,463,1,0,1,0.0,0.0,0.0,0.0,0.0,inf,1,1,0.0,338.0,338.0,338.0
PH,10,0.0,LORD++,0.05,7,467,463,1,0,1,0.0,0.0,0.0,0.0,0.0,inf,1,1,0.0,338.0,338.0,338.0
PH,10,0.0,SAFFRON,0.05,7,467,463,1,0,1,0.0,0.0,0.0,0.0,0.0,inf,1,1,0.0,338.0,338.0,338.0
PH,10,0.0,alpha-investing,0.05,7,467,463,1,0,1,0.0,0.0,0.0,0.0,0.0,inf,1,1,0.0,338.0,338.0,338.0
PH,10,0.0,raw,,9,358,356,38,37,1,0.9736842105263158,0.10393258426966293,0.7872340425531915,0.5531914893617021,0.7872340425531915,1270.2702702702702,1,1,0.0,125.0,125.0,125.0
PH,10,0.0,uncorrected,0.05,9,464,462,2,1,1,0.5,0.0021645021645021645,0.02127659574468085,0.02127659574468085,0.02127659574468085,47000.0,1,1,0.0,125.0,125.0,125.0
PH,10,0.0,bonferroni,0.05,9,467,464,1,0,1,0.0,0.0,0.0,0.0,0.0,inf,1,1,0.0,225.0,225.0,225.0
PH,10,0.0,bh_window,0.05,9,467,464,1,0,1,0.0,0.0,0.0,0.0,0.0,inf,1,1,0.0,225.0,225.0,225.0
PH,10,0.0,LOND,0.05,9,467,462,1,0,1,0.0,0.0,0.0,0.0,0.0,inf,1,1,0.0,425.0,425.0,425.0
PH,10,0.0,LORD++,0.05,9,467,462,1,0,1,0.0,0.0,0.0,0.0,0.0,inf,1,1,0.0,425.0,425.0,425.0
PH,10,0.0,SAFFRON,0.05,9,467,462,1,0,1,0.0,0.0,0.0,0.0,0.0,inf,1,1,0.0,425.0,425.0,425.0
PH,10,0.0,alpha-investing,0.05,9,470,456,0,0,0,0.0,0.0,0.0,0.0,0.0,inf,1,0,1.0,,,1325.0
PH,10,0.0,raw,,8,334,333,48,47,1,0.9791666666666666,0.14114114114114115,1.0,0.7021276595744681,1.0,1000.0,1,1,0.0,83.0,83.0,83.0
PH,10,0.0,uncorrected,0.05,8,447,446,8,7,1,0.875,0.01569506726457399,0.14893617021276595,0.14893617021276595,0.14893617021276595,6714.285714285715,1,1,0.0,83.0,83.0,83.0
PH,10,0.0,bonferroni,0.05,8,464,463,2,1,1,0.5,0.0021598272138228943,0.02127659574468085,0.02127659574468085,0.02127659574468085,47000.0,1,1,0.0,83.0,83.0,83.0
PH,10,0.0,bh_window,0.05,8,464,463,2,1,1,0.5,0.0021598272138228943,0.02127659574468085,0.02127659574468085,0.02127659574468085,47000.0,1,1,0.0,83.0,83.0,83.0
PH,10,0.0,LOND,0.05,8,467,464,1,0,1,0.0,0.0,0.0,0.0,0.0,inf,1,1,0.0,283.0,283.0,283.0
PH,10,0.0,LORD++,0.05,8,467,464,1,0,1,0.0,0.0,0.0,0.0,0.0,inf,1,1,0.0,283.0,283.0,283.0
PH,10,0.0,SAFFRON,0.05,8,467,464,1,0,1,0.0,0.0,0.0,0.0,0.0,inf,1,1,0.0,283.0,283.0,283.0
PH,10,0.0,alpha-investing,0.05,8,467,463,1,0,1,0.0,0.0,0.0,0.0,0.0,inf,1,1,0.0,383.0,383.0,383.0
PH,10,0.3,raw,,0,347,345,43,42,1,0.9767441860465116,0.12173913043478261,0.8936170212765957,0.5106382978723404,0.8936170212765957,1119.047619047619,1,1,0.0,108.0,108.0,108.0
PH,10,0.3,uncorrected,0.05,0,451,448,7,6,1,0.8571428571428571,0.013392857142857142,0.1276595744680851,0.1276595744680851,0.1276595744680851,7833.333333333333,1,1,0.0,208.0,208.0,208.0
PH,10,0.3,bonferroni,0.05,0,467,465,1,0,1,0.0,0.0,0.0,0.0,0.0,inf,1,1,0.0,108.0,108.0,108.0
PH,10,0.3,bh_window,0.05,0,467,465,1,0,1,0.0,0.0,0.0,0.0,0.0,inf,1,1,0.0,108.0,108.0,108.0
PH,10,0.3,LOND,0.05,0,467,463,1,0,1,0.0,0.0,0.0,0.0,0.0,inf,1,1,0.0,308.0,308.0,308.0
PH,10,0.3,LORD++,0.05,0,467,463,1,0,1,0.0,0.0,0.0,0.0,0.0,inf,1,1,0.0,308.0,308.0,308.0
PH,10,0.3,SAFFRON,0.05,0,467,463,1,0,1,0.0,0.0,0.0,0.0,0.0,inf,1,1,0.0,308.0,308.0,308.0
PH,10,0.3,alpha-investing,0.05,0,467,463,1,0,1,0.0,0.0,0.0,0.0,0.0,inf,1,1,0.0,308.0,308.0,308.0
PH,10,0.3,raw,,3,368,367,34,33,1,0.9705882352941176,0.08991825613079019,0.7021276595744681,0.46808510638297873,0.7021276595744681,1424.2424242424242,1,1,0.0,86.0,86.0,86.0
PH,10,0.3,uncorrected,0.05,3,452,450,6,5,1,0.8333333333333334,0.011111111111111112,0.10638297872340426,0.10638297872340426,0.10638297872340426,9400.0,1,1,0.0,186.0,186.0,186.0
PH,10,0.3,bonferroni,0.05,3,461,459,3,2,1,0.6666666666666666,0.004357298474945534,0.0425531914893617,0.0425531914893617,0.0425531914893617,23500.0,1,1,0.0,186.0,186.0,186.0
PH,10,0.3,bh_window,0.05,3,461,459,3,2,1,0.6666666666666666,0.004357298474945534,0.0425531914893617,0.0425531914893617,0.0425531914893617,23500.0,1,1,0.0,186.0,186.0,186.0
PH,10,0.3,LOND,0.05,3,467,463,1,0,1,0.0,0.0,0.0,0.0,0.0,inf,1,1,0.0,386.0,386.0,386.0
PH,10,0.3,LORD++,0.05,3,467,462,1,0,1,0.0,0.0,0.0,0.0,0.0,inf,1,1,0.0,486.0,486.0,486.0
PH,10,0.3,SAFFRON,0.05,3,467,462,1,0,1,0.0,0.0,0.0,0.0,0.0,inf,1,1,0.0,486.0,486.0,486.0
PH,10,0.3,alpha-investing,0.05,3,467,462,1,0,1,0.0,0.0,0.0,0.0,0.0,inf,1,1,0.0,486.0,486.0,486.0
PH,10,0.3,raw,,4,337,335,45,44,1,0.9777777777777777,0.13134328358208955,0.9361702127659575,0.5106382978723404,0.9361702127659575,1068.1818181818182,1,1,0.0,143.0,143.0,143.0
PH,10,0.3,uncorrected,0.05,4,453,451,6,5,1,0.8333333333333334,0.011086474501108648,0.10638297872340426,0.0851063829787234,0.10638297872340426,9400.0,1,1,0.0,143.0,143.0,143.0
PH,10,0.3,bonferroni,0.05,4,463,461,3,2,1,0.6666666666666666,0.004338394793926247,0.0425531914893617,0.0425531914893617,0.0425531914893617,23500.0,1,1,0.0,143.0,143.0,143.0
PH,10,0.3,bh_window,0.05,4,463,461,3,2,1,0.6666666666666666,0.004338394793926247,0.0425531914893617,0.0425531914893617,0.0425531914893617,23500.0,1,1,0.0,143.0,143.0,143.0
PH,10,0.3,LOND,0.05,4,467,464,1,0,1,0.0,0.0,0.0,0.0,0.0,inf,1,1,0.0,243.0,243.0,243.0
PH,10,0.3,LORD++,0.05,4,467,464,1,0,1,0.0,0.0,0.0,0.0,0.0,inf,1,1,0.0,243.0,243.0,243.0
PH,10,0.3,SAFFRON,0.05,4,467,464,1,0,1,0.0,0.0,0.0,0.0,0.0,inf,1,1,0.0,243.0,243.0,243.0
PH,10,0.3,alpha-investing,0.05,4,467,463,1,0,1,0.0,0.0,0.0,0.0,0.0,inf,1,1,0.0,343.0,343.0,343.0
PH,10,0.3,raw,,2,372,371,35,34,1,0.9714285714285714,0.09164420485175202,0.723404255319149,0.44680851063829785,0.723404255319149,1382.3529411764705,1,1,0.0,346.0,346.0,346.0
PH,10,0.3,uncorrected,0.05,2,445,444,10,9,1,0.9,0.02027027027027027,0.19148936170212766,0.19148936170212766,0.19148936170212766,5222.222222222223,1,1,0.0,46.0,46.0,46.0
PH,10,0.3,bonferroni,0.05,2,464,462,2,1,1,0.5,0.0021645021645021645,0.02127659574468085,0.02127659574468085,0.02127659574468085,47000.0,1,1,0.0,146.0,146.0,146.0
PH,10,0.3,bh_window,0.05,2,464,462,2,1,1,0.5,0.0021645021645021645,0.02127659574468085,0.02127659574468085,0.02127659574468085,47000.0,1,1,0.0,146.0,146.0,146.0
PH,10,0.3,LOND,0.05,2,467,464,1,0,1,0.0,0.0,0.0,0.0,0.0,inf,1,1,0.0,246.0,246.0,246.0
PH,10,0.3,LORD++,0.05,2,467,464,1,0,1,0.0,0.0,0.0,0.0,0.0,inf,1,1,0.0,246.0,246.0,246.0
PH,10,0.3,SAFFRON,0.05,2,464,460,2,1,1,0.5,0.002173913043478261,0.02127659574468085,0.02127659574468085,0.02127659574468085,47000.0,1,1,0.0,346.0,346.0,346.0
PH,10,0.3,alpha-investing,0.05,2,464,460,2,1,1,0.5,0.002173913043478261,0.02127659574468085,0.02127659574468085,0.02127659574468085,47000.0,1,1,0.0,346.0,346.0,346.0
PH,10,0.3,raw,,1,360,359,38,37,1,0.9736842105263158,0.10306406685236769,0.7872340425531915,0.46808510638297873,0.7872340425531915,1270.2702702702702,1,1,0.0,221.0,221.0,221.0
PH,10,0.3,uncorrected,0.05,1,428,426,14,13,1,0.9285714285714286,0.03051643192488263,0.2765957446808511,0.19148936170212766,0.2765957446808511,3615.3846153846152,1,1,0.0,121.0,121.0,121.0
PH,10,0.3,bonferroni,0.05,1,455,453,5,4,1,0.8,0.008830022075055188,0.0851063829787234,0.0851063829787234,0.0851063829787234,11750.0,1,1,0.0,121.0,121.0,121.0
PH,10,0.3,bh_window,0.05,1,452,450,6,5,1,0.8333333333333334,0.011111111111111112,0.10638297872340426,0.06382978723404255,0.10638297872340426,9400.0,1,1,0.0,121.0,121.0,121.0
PH,10,0.3,LOND,0.05,1,467,465,1,0,1,0.0,0.0,0.0,0.0,0.0,inf,1,1,0.0,121.0,121.0,121.0
PH,10,0.3,LORD++,0.05,1,467,464,1,0,1,0.0,0.0,0.0,0.0,0.0,inf,1,1,0.0,221.0,221.0,221.0
PH,10,0.3,SAFFRON,0.05,1,464,462,2,1,1,0.5,0.0021645021645021645,0.02127659574468085,0.02127659574468085,0.02127659574468085,47000.0,1,1,0.0,121.0,121.0,121.0
PH,10,0.3,alpha-investing,0.05,1,464,461,2,1,1,0.5,0.0021691973969631237,0.02127659574468085,0.02127659574468085,0.02127659574468085,47000.0,1,1,0.0,221.0,221.0,221.0
PH,10,0.3,raw,,6,349,348,41,40,1,0.975609756097561,0.11494252873563218,0.851063829787234,0.46808510638297873,0.851063829787234,1175.0,1,1,0.0,55.0,55.0,55.0
PH,10,0.3,uncorrected,0.05,6,464,462,2,1,1,0.5,0.0021645021645021645,0.02127659574468085,0.02127659574468085,0.02127659574468085,47000.0,1,1,0.0,155.0,155.0,155.0
PH,10,0.3,bonferroni,0.05,6,467,464,1,0,1,0.0,0.0,0.0,0.0,0.0,inf,1,1,0.0,255.0,255.0,255.0
PH,10,0.3,bh_window,0.05,6,467,464,1,0,1,0.0,0.0,0.0,0.0,0.0,inf,1,1,0.0,255.0,255.0,255.0
PH,10,0.3,LOND,0.05,6,470,448,0,0,0,0.0,0.0,0.0,0.0,0.0,inf,1,0,1.0,,,2155.0
PH,10,0.3,LORD++,0.05,6,470,448,0,0,0,0.0,0.0,0.0,0.0,0.0,inf,1,0,1.0,,,2155.0
PH,10,0.3,SAFFRON,0.05,6,470,448,0,0,0,0.0,0.0,0.0,0.0,0.0,inf,1,0,1.0,,,2155.0
PH,10,0.3,alpha-investing,0.05,6,470,448,0,0,0,0.0,0.0,0.0,0.0,0.0,inf,1,0,1.0,,,2155.0
PH,10,0.3,raw,,5,345,337,42,41,1,0.9761904761904762,0.12166172106824925,0.8723404255319149,0.574468085106383,0.8723404255319149,1146.341463414634,1,1,0.0,1088.0,1088.0,1088.0
PH,10,0.3,uncorrected,0.05,5,443,442,9,8,1,0.8888888888888888,0.01809954751131222,0.1702127659574468,0.14893617021276595,0.1702127659574468,5875.0,1,1,0.0,88.0,88.0,88.0
PH,10,0.3,bonferroni,0.05,5,458,456,4,3,1,0.75,0.006578947368421052,0.06382978723404255,0.06382978723404255,0.06382978723404255,15666.666666666666,1,1,0.0,188.0,188.0,188.0
PH,10,0.3,bh_window,0.05,5,455,453,5,4,1,0.8,0.008830022075055188,0.0851063829787234,0.0425531914893617,0.0851063829787234,11750.0,1,1,0.0,188.0,188.0,188.0
PH,10,0.3,LOND,0.05,5,467,463,1,0,1,0.0,0.0,0.0,0.0,0.0,inf,1,1,0.0,388.0,388.0,388.0
PH,10,0.3,LORD++,0.05,5,467,455,1,0,1,0.0,0.0,0.0,0.0,0.0,inf,1,1,0.0,1188.0,1188.0,1188.0
PH,10,0.3,SAFFRON,0.05,5,458,454,4,3,1,0.75,0.006607929515418502,0.06382978723404255,0.0425531914893617,0.06382978723404255,15666.666666666666,1,1,0.0,388.0,388.0,388.0
PH,10,0.3,alpha-investing,0.05,5,470,455,0,0,0,0.0,0.0,0.0,0.0,0.0,inf,1,0,1.0,,,1488.0
PH,10,0.3,raw,,8,358,357,38,37,1,0.9736842105263158,0.10364145658263306,0.7872340425531915,0.5531914893617021,0.7872340425531915,1270.2702702702702,1,1,0.0,383.0,383.0,383.0
PH,10,0.3,uncorrected,0.05,8,443,442,10,9,1,0.9,0.020361990950226245,0.19148936170212766,0.1702127659574468,0.19148936170212766,5222.222222222223,1,1,0.0,83.0,83.0,83.0
PH,10,0.3,bonferroni,0.05,8,464,463,2,1,1,0.5,0.0021598272138228943,0.02127659574468085,0.02127659574468085,0.02127659574468085,47000.0,1,1,0.0,83.0,83.0,83.0
PH,10,0.3,bh_window,0.05,8,464,463,2,1,1,0.5,0.0021598272138228943,0.02127659574468085,0.02127659574468085,0.02127659574468085,47000.0,1,1,0.0,83.0,83.0,83.0
PH,10,0.3,LOND,0.05,8,467,464,1,0,1,0.0,0.0,0.0,0.0,0.0,inf,1,1,0.0,283.0,283.0,283.0
PH,10,0.3,LORD++,0.05,8,467,464,1,0,1,0.0,0.0,0.0,0.0,0.0,inf,1,1,0.0,283.0,283.0,283.0
PH,10,0.3,SAFFRON,0.05,8,467,464,1,0,1,0.0,0.0,0.0,0.0,0.0,inf,1,1,0.0,283.0,283.0,283.0
PH,10,0.3,alpha-investing,0.05,8,467,464,1,0,1,0.0,0.0,0.0,0.0,0.0,inf,1,1,0.0,283.0,283.0,283.0
PH,10,0.3,raw,,7,331,330,47,46,1,0.9787234042553191,0.1393939393939394,0.9787234042553191,0.46808510638297873,0.9787234042553191,1021.7391304347826,1,1,0.0,38.0,38.0,38.0
PH,10,0.3,uncorrected,0.05,7,434,432,12,11,1,0.9166666666666666,0.02546296296296296,0.23404255319148937,0.1276595744680851,0.23404255319148937,4272.727272727273,1,1,0.0,138.0,138.0,138.0
PH,10,0.3,bonferroni,0.05,7,452,450,6,5,1,0.8333333333333334,0.011111111111111112,0.10638297872340426,0.0851063829787234,0.10638297872340426,9400.0,1,1,0.0,138.0,138.0,138.0
PH,10,0.3,bh_window,0.05,7,452,450,6,5,1,0.8333333333333334,0.011111111111111112,0.10638297872340426,0.0851063829787234,0.10638297872340426,9400.0,1,1,0.0,138.0,138.0,138.0
PH,10,0.3,LOND,0.05,7,467,465,1,0,1,0.0,0.0,0.0,0.0,0.0,inf,1,1,0.0,138.0,138.0,138.0
PH,10,0.3,LORD++,0.05,7,467,464,1,0,1,0.0,0.0,0.0,0.0,0.0,inf,1,1,0.0,238.0,238.0,238.0
PH,10,0.3,SAFFRON,0.05,7,458,456,4,3,1,0.75,0.006578947368421052,0.06382978723404255,0.06382978723404255,0.06382978723404255,15666.666666666666,1,1,0.0,138.0,138.0,138.0
PH,10,0.3,alpha-investing,0.05,7,467,464,1,0,1,0.0,0.0,0.0,0.0,0.0,inf,1,1,0.0,238.0,238.0,238.0
PH,10,0.3,raw,,9,386,384,28,27,1,0.9642857142857143,0.0703125,0.574468085106383,0.40425531914893614,0.574468085106383,1740.7407407407406,1,1,0.0,125.0,125.0,125.0
PH,10,0.3,uncorrected,0.05,9,467,465,1,0,1,0.0,0.0,0.0,0.0,0.0,inf,1,1,0.0,125.0,125.0,125.0
PH,10,0.3,bonferroni,0.05,9,467,465,1,0,1,0.0,0.0,0.0,0.0,0.0,inf,1,1,0.0,125.0,125.0,125.0
PH,10,0.3,bh_window,0.05,9,467,465,1,0,1,0.0,0.0,0.0,0.0,0.0,inf,1,1,0.0,125.0,125.0,125.0
PH,10,0.3,LOND,0.05,9,467,463,1,0,1,0.0,0.0,0.0,0.0,0.0,inf,1,1,0.0,325.0,325.0,325.0
PH,10,0.3,LORD++,0.05,9,467,463,1,0,1,0.0,0.0,0.0,0.0,0.0,inf,1,1,0.0,325.0,325.0,325.0
PH,10,0.3,SAFFRON,0.05,9,467,463,1,0,1,0.0,0.0,0.0,0.0,0.0,inf,1,1,0.0,325.0,325.0,325.0
PH,10,0.3,alpha-investing,0.05,9,467,462,1,0,1,0.0,0.0,0.0,0.0,0.0,inf,1,1,0.0,425.0,425.0,425.0
ADWIN,100,0.3,raw,,2,3948,3935,268,258,10,0.9626865671641791,0.06556543837357053,5.48936170212766,1.0,0.548936170212766,1821.7054263565892,10,10,0.0,127.8,122.0,127.8
ADWIN,100,0.3,uncorrected,0.05,2,4362,4331,122,113,9,0.9262295081967213,0.026090972061879474,2.404255319148936,0.851063829787234,0.2404255319148936,4159.29203539823,10,9,0.09999999999999998,120.33333333333333,119.0,317.8
ADWIN,100,0.3,bonferroni,0.05,2,4641,4623,21,11,10,0.5238095238095238,0.0023794073112697383,0.23404255319148937,0.1702127659574468,0.023404255319148935,42727.27272727273,10,10,0.0,117.8,126.0,117.8
ADWIN,100,0.3,bh_window,0.05,2,4636,4619,24,14,10,0.5833333333333334,0.0030309590820523924,0.2978723404255319,0.1702127659574468,0.029787234042553193,33571.42857142857,10,10,0.0,107.8,122.0,107.8
ADWIN,100,0.3,LOND,0.05,2,4670,4647,10,0,10,0.0,0.0,0.0,0.0,0.0,inf,10,10,0.0,167.8,153.5,167.8
ADWIN,100,0.3,LORD++,0.05,2,4661,4639,13,3,10,0.23076923076923078,0.0006466910972192282,0.06382978723404255,0.06382978723404255,0.006382978723404255,156666.66666666666,10,10,0.0,157.8,143.5,157.8
ADWIN,100,0.3,SAFFRON,0.05,2,4670,4648,10,0,10,0.0,0.0,0.0,0.0,0.0,inf,10,10,0.0,157.8,143.5,157.8
ADWIN,100,0.3,alpha-investing,0.05,2,4670,4648,10,0,10,0.0,0.0,0.0,0.0,0.0,inf,10,10,0.0,157.8,143.5,157.8
ADWIN,100,0.3,raw,,3,3955,3942,254,244,10,0.9606299212598425,0.06189751395230847,5.191489361702128,0.9574468085106383,0.5191489361702127,1926.2295081967213,10,10,0.0,110.9,95.0,110.9
ADWIN,100,0.3,uncorrected,0.05,3,4365,4350,112,102,10,0.9107142857142857,0.023448275862068966,2.1702127659574466,0.8723404255319149,0.2170212765957447,4607.843137254902,10,10,0.0,150.9,128.5,150.9
ADWIN,100,0.3,bonferroni,0.05,3,4654,4634,16,6,10,0.375,0.001294777729823047,0.1276595744680851,0.10638297872340426,0.01276595744680851,78333.33333333333,10,10,0.0,140.9,129.0,140.9
ADWIN,100,0.3,bh_window,0.05,3,4654,4635,16,6,10,0.375,0.0012944983818770227,0.1276595744680851,0.10638297872340426,0.01276595744680851,78333.33333333333,10,10,0.0,130.9,123.0,130.9
ADWIN,100,0.3,LOND,0.05,3,4667,4641,11,1,10,0.09090909090909091,0.00021547080370609782,0.02127659574468085,0.02127659574468085,0.002127659574468085,470000.0,10,10,0.0,200.9,198.5,200.9
ADWIN,100,0.3,LORD++,0.05,3,4667,4643,11,1,10,0.09090909090909091,0.00021537798836958864,0.02127659574468085,0.02127659574468085,0.002127659574468085,470000.0,10,10,0.0,180.9,175.5,180.9
ADWIN,100,0.3,SAFFRON,0.05,3,4667,4643,11,1,10,0.09090909090909091,0.00021537798836958864,0.02127659574468085,0.02127659574468085,0.002127659574468085,470000.0,10,10,0.0,180.9,175.5,180.9
ADWIN,100,0.3,alpha-investing,0.05,3,4670,4645,10,0,10,0.0,0.0,0.0,0.0,0.0,inf,10,10,0.0,190.9,169.0,190.9
ADWIN,100,0.3,raw,,0,3791,3778,324,314,10,0.9691358024691358,0.08311275807305453,6.680851063829787,1.0,0.6680851063829787,1496.8152866242037,10,10,0.0,94.0,91.0,94.0
ADWIN,100,0.3,uncorrected,0.05,0,4271,4250,151,141,10,0.9337748344370861,0.03317647058823529,3.0,0.9148936170212766,0.3,3333.3333333333335,10,10,0.0,224.0,116.0,224.0
ADWIN,100,0.3,bonferroni,0.05,0,4655,4636,15,5,10,0.3333333333333333,0.0010785159620362382,0.10638297872340426,0.0851063829787234,0.010638297872340425,94000.0,10,10,0.0,134.0,119.0,134.0
ADWIN,100,0.3,bh_window,0.05,0,4652,4633,16,6,10,0.375,0.0012950571983595942,0.1276595744680851,0.0851063829787234,0.01276595744680851,78333.33333333333,10,10,0.0,134.0,119.0,134.0
ADWIN,100,0.3,LOND,0.05,0,4667,4642,11,1,10,0.09090909090909091,0.00021542438604049978,0.02127659574468085,0.02127659574468085,0.002127659574468085,470000.0,10,10,0.0,194.0,178.5,194.0
ADWIN,100,0.3,LORD++,0.05,0,4664,4643,12,2,10,0.16666666666666666,0.0004307559767391773,0.0425531914893617,0.0425531914893617,0.00425531914893617,235000.0,10,10,0.0,154.0,140.0,154.0
ADWIN,100,0.3,SAFFRON,0.05,0,4652,4630,16,6,10,0.375,0.0012958963282937365,0.1276595744680851,0.0425531914893617,0.01276595744680851,78333.33333333333,10,10,0.0,164.0,159.0,164.0
ADWIN,100,0.3,alpha-investing,0.05,0,4670,4643,10,0,10,0.0,0.0,0.0,0.0,0.0,inf,10,10,0.0,214.0,189.0,214.0
ADWIN,100,0.3,raw,,1,3720,3706,352,342,10,0.9715909090909091,0.09228278467350243,7.276595744680851,0.9787234042553191,0.7276595744680852,1374.2690058479532,10,10,0.0,106.9,98.5,106.9
ADWIN,100,0.3,uncorrected,0.05,1,4190,4175,175,165,10,0.9428571428571428,0.03952095808383234,3.5106382978723403,0.9148936170212766,0.35106382978723405,2848.4848484848485,10,10,0.0,96.9,98.5,96.9
ADWIN,100,0.3,bonferroni,0.05,1,4625,4607,26,16,10,0.6153846153846154,0.0034729759062296505,0.3404255319148936,0.2127659574468085,0.03404255319148936,29375.0,10,10,0.0,126.9,130.5,126.9
ADWIN,100,0.3,bh_window,0.05,1,4577,4559,42,32,10,0.7619047619047619,0.007019083132265848,0.6808510638297872,0.23404255319148937,0.06808510638297872,14687.5,10,10,0.0,126.9,130.5,126.9
ADWIN,100,0.3,LOND,0.05,1,4670,4649,10,0,10,0.0,0.0,0.0,0.0,0.0,inf,10,10,0.0,156.9,156.0,156.9
ADWIN,100,0.3,LORD++,0.05,1,4658,4636,14,4,10,0.2857142857142857,0.0008628127696289905,0.0851063829787234,0.06382978723404255,0.00851063829787234,117500.0,10,10,0.0,166.9,163.0,166.9
ADWIN,100,0.3,SAFFRON,0.05,1,4595,4574,35,25,10,0.7142857142857143,0.005465675557498907,0.5319148936170213,0.10638297872340426,0.05319148936170213,18800.0,10,10,0.0,156.9,156.0,156.9
ADWIN,100,0.3,alpha-investing,0.05,1,4619,4596,27,17,10,0.6296296296296297,0.0036988685813751088,0.3617021276595745,0.0851063829787234,0.036170212765957444,27647.058823529413,10,10,0.0,176.9,174.0,176.9
KS,100,0.3,raw,,0,4508,4483,65,55,10,0.8461538461538461,0.012268570153914788,1.1702127659574468,0.574468085106383,0.11702127659574468,8545.454545454546,10,10,0.0,194.0,211.0,194.0
KS,100,0.3,uncorrected,0.05,0,4506,4483,66,56,10,0.8484848484848485,0.01249163506580415,1.1914893617021276,0.7021276595744681,0.11914893617021277,8392.857142857143,10,10,0.0,174.0,175.5,174.0
KS,100,0.3,bonferroni,0.05,0,4667,4629,11,1,10,0.09090909090909091,0.00021602937999567941,0.02127659574468085,0.02127659574468085,0.002127659574468085,470000.0,10,10,0.0,324.0,315.0,324.0
KS,100,0.3,bh_window,0.05,0,4667,4629,11,1,10,0.09090909090909091,0.00021602937999567941,0.02127659574468085,0.02127659574468085,0.002127659574468085,470000.0,10,10,0.0,324.0,315.0,324.0
KS,100,0.3,LOND,0.05,0,4670,4612,10,0,10,0.0,0.0,0.0,0.0,0.0,inf,10,10,0.0,524.0,419.0,524.0
KS,100,0.3,LORD++,0.05,0,4670,4619,10,0,10,0.0,0.0,0.0,0.0,0.0,inf,10,10,0.0,454.0,401.5,454.0
KS,100,0.3,SAFFRON,0.05,0,4670,4618,10,0,10,0.0,0.0,0.0,0.0,0.0,inf,10,10,0.0,464.0,415.0,464.0
KS,100,0.3,alpha-investing,0.05,0,4670,4607,10,0,10,0.0,0.0,0.0,0.0,0.0,inf,10,10,0.0,574.0,474.5,574.0
KS,100,0.3,raw,,1,4398,4372,104,94,10,0.9038461538461539,0.021500457456541628,2.0,0.6382978723404256,0.2,5000.0,10,10,0.0,206.9,204.0,206.9
KS,100,0.3,uncorrected,0.05,1,4381,4357,114,104,10,0.9122807017543859,0.023869635070002296,2.2127659574468086,0.7446808510638298,0.22127659574468084,4519.2307692307695,10,10,0.0,186.9,172.5,186.9
KS,100,0.3,bonferroni,0.05,1,4664,4637,12,2,10,0.16666666666666666,0.00043131334914815614,0.0425531914893617,0.0425531914893617,0.00425531914893617,235000.0,10,10,0.0,216.9,217.5,216.9
KS,100,0.3,bh_window,0.05,1,4646,4618,18,8,10,0.4444444444444444,0.0017323516673884798,0.1702127659574468,0.0425531914893617,0.01702127659574468,58750.0,10,10,0.0,226.9,231.5,226.9
KS,100,0.3,LOND,0.05,1,4667,4626,11,1,10,0.09090909090909091,0.00021616947686986597,0.02127659574468085,0.02127659574468085,0.002127659574468085,470000.0,10,10,0.0,356.9,342.0,356.9
KS,100,0.3,LORD++,0.05,1,4664,4624,12,2,10,0.16666666666666666,0.00043252595155709344,0.0425531914893617,0.0425531914893617,0.00425531914893617,235000.0,10,10,0.0,346.9,342.0,346.9
KS,100,0.3,SAFFRON,0.05,1,4640,4601,20,10,10,0.5,0.0021734405564007822,0.2127659574468085,0.0425531914893617,0.02127659574468085,47000.0,10,10,0.0,336.9,331.5,336.9
KS,100,0.3,alpha-investing,0.05,1,4658,4611,14,4,10,0.2857142857142857,0.0008674907829104315,0.0851063829787234,0.06382978723404255,0.00851063829787234,117500.0,10,10,0.0,416.9,399.0,416.9
ADWIN,100,0.3,raw,,4,3897,3884,276,266,10,0.9637681159420289,0.06848609680741503,5.659574468085107,0.9787234042553191,0.5659574468085107,1766.9172932330828,10,10,0.0,74.8,56.0,74.8
ADWIN,100,0.3,uncorrected,0.05,4,4289,4275,142,132,10,0.9295774647887324,0.030877192982456142,2.8085106382978724,0.7872340425531915,0.28085106382978725,3560.6060606060605,10,10,0.0,84.8,73.0,84.8
ADWIN,100,0.3,bonferroni,0.05,4,4634,4617,22,12,10,0.5454545454545454,0.002599090318388564,0.2553191489361702,0.1702127659574468,0.02553191489361702,39166.666666666664,10,10,0.0,114.8,126.0,114.8
ADWIN,100,0.3,bh_window,0.05,4,4625,4608,25,15,10,0.6,0.0032552083333333335,0.3191489361702128,0.2127659574468085,0.031914893617021274,31333.333333333332,10,10,0.0,114.8,126.0,114.8
ADWIN,100,0.3,LOND,0.05,4,4658,4635,14,4,10,0.2857142857142857,0.0008629989212513484,0.0851063829787234,0.0425531914893617,0.00851063829787234,117500.0,10,10,0.0,174.8,150.0,174.8
ADWIN,100,0.3,LORD++,0.05,4,4649,4628,17,7,10,0.4117647058823529,0.001512532411408816,0.14893617021276595,0.10638297872340426,0.014893617021276596,67142.85714285714,10,10,0.0,154.8,143.0,154.8
ADWIN,100,0.3,SAFFRON,0.05,4,4628,4605,24,14,10,0.5833333333333334,0.0030401737242128123,0.2978723404255319,0.10638297872340426,0.029787234042553193,33571.42857142857,10,10,0.0,174.8,150.0,174.8
ADWIN,100,0.3,alpha-investing,0.05,4,4652,4624,16,6,10,0.375,0.0012975778546712802,0.1276595744680851,0.0851063829787234,0.01276595744680851,78333.33333333333,10,10,0.0,224.8,150.0,224.8
KS,100,0.3,raw,,2,4520,4498,61,51,10,0.8360655737704918,0.01133837261004891,1.0851063829787233,0.46808510638297873,0.10851063829787234,9215.686274509804,10,10,0.0,157.8,153.5,157.8
KS,100,0.3,uncorrected,0.05,2,4452,4431,87,77,10,0.8850574712643678,0.017377567140600316,1.6382978723404256,0.7446808510638298,0.16382978723404254,6103.896103896104,10,10,0.0,147.8,143.5,147.8
KS,100,0.3,bonferroni,0.05,2,4667,4634,11,1,10,0.09090909090909091,0.00021579628830384117,0.02127659574468085,0.02127659574468085,0.002127659574468085,470000.0,10,10,0.0,267.8,243.5,267.8
KS,100,0.3,bh_window,0.05,2,4664,4632,12,2,10,0.16666666666666666,0.0004317789291882556,0.0425531914893617,0.02127659574468085,0.00425531914893617,235000.0,10,10,0.0,257.8,243.5,257.8
KS,100,0.3,LOND,0.05,2,4670,4621,10,0,10,0.0,0.0,0.0,0.0,0.0,inf,10,10,0.0,427.8,399.5,427.8
KS,100,0.3,LORD++,0.05,2,4670,4625,10,0,10,0.0,0.0,0.0,0.0,0.0,inf,10,10,0.0,387.8,380.5,387.8
KS,100,0.3,SAFFRON,0.05,2,4667,4620,11,1,10,0.09090909090909091,0.00021645021645021645,0.02127659574468085,0.02127659574468085,0.002127659574468085,470000.0,10,10,0.0,407.8,380.5,407.8
KS,100,0.3,alpha-investing,0.05,2,4670,4594,10,0,10,0.0,0.0,0.0,0.0,0.0,inf,10,10,0.0,697.8,466.0,697.8
DDM,100,0.3,raw,,0,4059,4043,221,211,10,0.9547511312217195,0.05218896858768241,4.48936170212766,0.9361702127659575,0.44893617021276594,2227.488151658768,10,10,0.0,134.0,116.0,134.0
DDM,100,0.3,uncorrected,0.05,0,4637,4609,21,11,10,0.5238095238095238,0.002386634844868735,0.23404255319148937,0.2127659574468085,0.023404255319148935,42727.27272727273,10,10,0.0,224.0,211.0,224.0
DDM,100,0.3,bonferroni,0.05,0,4691,4515,3,0,3,0.0,0.0,0.0,0.0,0.0,inf,10,3,0.7,895.6666666666666,463.0,1704.0
DDM,100,0.3,bh_window,0.05,0,4682,4547,6,0,6,0.0,0.0,0.0,0.0,0.0,inf,10,6,0.4,840.0,715.0,1294.0
DDM,100,0.3,LOND,0.05,0,4700,4477,0,0,0,0.0,0.0,0.0,0.0,0.0,inf,10,0,1.0,,,2174.0
DDM,100,0.3,LORD++,0.05,0,4700,4477,0,0,0,0.0,0.0,0.0,0.0,0.0,inf,10,0,1.0,,,2174.0
DDM,100,0.3,SAFFRON,0.05,0,4700,4477,0,0,0,0.0,0.0,0.0,0.0,0.0,inf,10,0,1.0,,,2174.0
DDM,100,0.3,alpha-investing,0.05,0,4700,4477,0,0,0,0.0,0.0,0.0,0.0,0.0,inf,10,0,1.0,,,2174.0
DDM,100,0.3,raw,,1,4001,3982,235,225,10,0.9574468085106383,0.05650426921145153,4.787234042553192,0.8936170212765957,0.4787234042553192,2088.8888888888887,10,10,0.0,136.9,130.5,136.9
DDM,100,0.3,uncorrected,0.05,1,4640,4569,20,12,8,0.6,0.0026263952724885093,0.2553191489361702,0.14893617021276595,0.02553191489361702,39166.666666666664,10,8,0.19999999999999996,231.125,191.0,656.9
DDM,100,0.3,bonferroni,0.05,1,4694,4507,2,0,2,0.0,0.0,0.0,0.0,0.0,inf,10,2,0.8,413.0,413.0,1816.9
DDM,100,0.3,bh_window,0.05,1,4694,4507,2,0,2,0.0,0.0,0.0,0.0,0.0,inf,10,2,0.8,413.0,413.0,1816.9
DDM,100,0.3,LOND,0.05,1,4700,4483,0,0,0,0.0,0.0,0.0,0.0,0.0,inf,10,0,1.0,,,2116.9
DDM,100,0.3,LORD++,0.05,1,4700,4483,0,0,0,0.0,0.0,0.0,0.0,0.0,inf,10,0,1.0,,,2116.9
DDM,100,0.3,SAFFRON,0.05,1,4700,4483,0,0,0,0.0,0.0,0.0,0.0,0.0,inf,10,0,1.0,,,2116.9
DDM,100,0.3,alpha-investing,0.05,1,4700,4483,0,0,0,0.0,0.0,0.0,0.0,0.0,inf,10,0,1.0,,,2116.9
DDM,100,0.3,raw,,2,4094,4077,221,211,10,0.9547511312217195,0.05175374049546235,4.48936170212766,0.9148936170212766,0.44893617021276594,2227.488151658768,10,10,0.0,157.8,153.5,157.8
DDM,100,0.3,uncorrected,0.05,2,4646,4619,19,9,10,0.47368421052631576,0.0019484736956051094,0.19148936170212766,0.1276595744680851,0.019148936170212766,52222.22222222222,10,10,0.0,207.8,222.0,207.8
DDM,100,0.3,bonferroni,0.05,2,4688,4523,4,0,4,0.0,0.0,0.0,0.0,0.0,inf,10,4,0.6,606.25,496.5,1587.8
DDM,100,0.3,bh_window,0.05,2,4688,4523,4,0,4,0.0,0.0,0.0,0.0,0.0,inf,10,4,0.6,606.25,496.5,1587.8
DDM,100,0.3,LOND,0.05,2,4700,4479,0,0,0,0.0,0.0,0.0,0.0,0.0,inf,10,0,1.0,,,2147.8
DDM,100,0.3,LORD++,0.05,2,4700,4479,0,0,0,0.0,0.0,0.0,0.0,0.0,inf,10,0,1.0,,,2147.8
DDM,100,0.3,SAFFRON,0.05,2,4700,4479,0,0,0,0.0,0.0,0.0,0.0,0.0,inf,10,0,1.0,,,2147.8
DDM,100,0.3,alpha-investing,0.05,2,4700,4479,0,0,0,0.0,0.0,0.0,0.0,0.0,inf,10,0,1.0,,,2147.8
DDM,100,0.3,raw,,3,4156,4134,186,176,10,0.946236559139785,0.042573778422835024,3.74468085106383,0.8936170212765957,0.37446808510638296,2670.4545454545455,10,10,0.0,190.9,174.5,190.9
DDM,100,0.3,uncorrected,0.05,3,4640,4612,20,10,10,0.5,0.002168256721595837,0.2127659574468085,0.14893617021276595,0.02127659574468085,47000.0,10,10,0.0,220.9,189.5,220.9
DDM,100,0.3,bonferroni,0.05,3,4688,4529,4,0,4,0.0,0.0,0.0,0.0,0.0,inf,10,4,0.6,432.25,393.0,1530.9
DDM,100,0.3,bh_window,0.05,3,4688,4530,4,0,4,0.0,0.0,0.0,0.0,0.0,inf,10,4,0.6,407.25,393.0,1520.9
DDM,100,0.3,LOND,0.05,3,4700,4460,0,0,0,0.0,0.0,0.0,0.0,0.0,inf,10,0,1.0,,,2340.9
DDM,100,0.3,LORD++,0.05,3,4700,4460,0,0,0,0.0,0.0,0.0,0.0,0.0,inf,10,0,1.0,,,2340.9
DDM,100,0.3,SAFFRON,0.05,3,4700,4460,0,0,0,0.0,0.0,0.0,0.0,0.0,inf,10,0,1.0,,,2340.9
DDM,100,0.3,alpha-investing,0.05,3,4700,4460,0,0,0,0.0,0.0,0.0,0.0,0.0,inf,10,0,1.0,,,2340.9
KS,100,0.3,raw,,3,4559,4527,48,38,10,0.7916666666666666,0.008394079964656506,0.8085106382978723,0.2553191489361702,0.08085106382978724,12368.421052631578,10,10,0.0,260.9,234.5,260.9
KS,100,0.3,uncorrected,0.05,3,4530,4502,57,47,10,0.8245614035087719,0.010439804531319414,1.0,0.5957446808510638,0.1,10000.0,10,10,0.0,220.9,223.0,220.9
KS,100,0.3,bonferroni,0.05,3,4666,4626,12,2,10,0.16666666666666666,0.00043233895373973193,0.0425531914893617,0.0425531914893617,0.00425531914893617,235000.0,10,10,0.0,340.9,329.5,340.9
KS,100,0.3,bh_window,0.05,3,4666,4626,12,2,10,0.16666666666666666,0.00043233895373973193,0.0425531914893617,0.0425531914893617,0.00425531914893617,235000.0,10,10,0.0,340.9,329.5,340.9
KS,100,0.3,LOND,0.05,3,4670,4597,10,0,10,0.0,0.0,0.0,0.0,0.0,inf,10,10,0.0,670.9,469.0,670.9
KS,100,0.3,LORD++,0.05,3,4667,4618,11,1,10,0.09090909090909091,0.00021654395842355997,0.02127659574468085,0.02127659574468085,0.002127659574468085,470000.0,10,10,0.0,430.9,446.0,430.9
KS,100,0.3,SAFFRON,0.05,3,4664,4615,12,2,10,0.16666666666666666,0.0004333694474539545,0.0425531914893617,0.02127659574468085,0.00425531914893617,235000.0,10,10,0.0,430.9,442.5,430.9
KS,100,0.3,alpha-investing,0.05,3,4667,4558,11,2,9,0.18181818181818182,0.00043878894251864854,0.0425531914893617,0.02127659574468085,0.00425531914893617,235000.0,10,9,0.09999999999999998,1003.1111111111111,924.0,1030.9
DDM,100,0.3,raw,,4,3956,3938,253,243,10,0.9604743083003953,0.0617064499746064,5.170212765957447,0.8297872340425532,0.5170212765957447,1934.156378600823,10,10,0.0,134.8,116.0,134.8
DDM,100,0.3,uncorrected,0.05,4,4604,4573,33,23,10,0.696969696969697,0.005029521102121146,0.48936170212765956,0.23404255319148937,0.04893617021276596,20434.782608695652,10,10,0.0,254.8,218.0,254.8
DDM,100,0.3,bonferroni,0.05,4,4685,4575,5,0,5,0.0,0.0,0.0,0.0,0.0,inf,10,5,0.5,396.0,441.0,1044.8
DDM,100,0.3,bh_window,0.05,4,4685,4575,5,0,5,0.0,0.0,0.0,0.0,0.0,inf,10,5,0.5,396.0,441.0,1044.8
DDM,100,0.3,LOND,0.05,4,4700,4483,0,0,0,0.0,0.0,0.0,0.0,0.0,inf,10,0,1.0,,,2114.8
DDM,100,0.3,LORD++,0.05,4,4700,4483,0,0,0,0.0,0.0,0.0,0.0,0.0,inf,10,0,1.0,,,2114.8
DDM,100,0.3,SAFFRON,0.05,4,4700,4483,0,0,0,0.0,0.0,0.0,0.0,0.0,inf,10,0,1.0,,,2114.8
DDM,100,0.3,alpha-investing,0.05,4,4700,4483,0,0,0,0.0,0.0,0.0,0.0,0.0,inf,10,0,1.0,,,2114.8
KS,100,0.3,raw,,4,4419,4393,94,84,10,0.8936170212765957,0.01912132938766219,1.7872340425531914,0.48936170212765956,0.17872340425531916,5595.238095238095,10,10,0.0,204.8,206.5,204.8
KS,100,0.3,uncorrected,0.05,4,4379,4357,109,99,10,0.908256880733945,0.02272205646086757,2.106382978723404,0.7659574468085106,0.21063829787234042,4747.474747474747,10,10,0.0,164.8,188.0,164.8
KS,100,0.3,bonferroni,0.05,4,4649,4611,17,7,10,0.4117647058823529,0.0015181088700932553,0.14893617021276595,0.1276595744680851,0.014893617021276596,67142.85714285714,10,10,0.0,324.8,348.5,324.8
KS,100,0.3,bh_window,0.05,4,4640,4603,20,10,10,0.5,0.0021724961981316533,0.2127659574468085,0.1276595744680851,0.02127659574468085,47000.0,10,10,0.0,314.8,348.5,314.8
KS,100,0.3,LOND,0.05,4,4673,4605,9,0,9,0.0,0.0,0.0,0.0,0.0,inf,10,9,0.09999999999999998,573.2222222222222,445.0,624.8
KS,100,0.3,LORD++,0.05,4,4667,4617,11,1,10,0.09090909090909091,0.00021659085986571366,0.02127659574468085,0.02127659574468085,0.002127659574468085,470000.0,10,10,0.0,444.8,451.0,444.8
KS,100,0.3,SAFFRON,0.05,4,4661,4611,13,3,10,0.23076923076923078,0.0006506180871828237,0.06382978723404255,0.0425531914893617,0.006382978723404255,156666.66666666666,10,10,0.0,444.8,451.0,444.8
KS,100,0.3,alpha-investing,0.05,4,4676,4582,8,2,6,0.25,0.00043649061545176777,0.0425531914893617,0.0425531914893617,0.00425531914893617,235000.0,10,6,0.4,621.5,448.0,884.8
